i,Ebeam,x,xl,xr,y,z,zl,zr,Q2,Q2l,Q2r,pT,pTl,pTr,obs,value,stat,syst,target,hadron
0,11,0.139,0.00,0.25,0.48553,0.323,0.30,0.35,1.3654,1.0000,1.5000,0.06987,0.00,0.10,FuuA,2753.70031,50.05897,275.37003,neutron,pi-
1,11,0.125,0.00,0.25,0.52578,0.323,0.30,0.35,1.3223,1.0000,1.5000,0.12789,0.10,0.15,FuuA,2626.04137,40.85957,262.60414,neutron,pi-
2,11,0.115,0.00,0.25,0.55874,0.323,0.30,0.35,1.2955,1.0000,1.5000,0.17680,0.15,0.20,FuuA,2419.72061,31.31201,241.97206,neutron,pi-
3,11,0.108,0.00,0.25,0.59003,0.323,0.30,0.35,1.2764,1.0000,1.5000,0.22586,0.20,0.25,FuuA,2153.14336,27.23849,215.31434,neutron,pi-
4,11,0.102,0.00,0.25,0.61978,0.323,0.30,0.35,1.2616,1.0000,1.5000,0.27477,0.25,0.30,FuuA,1858.65958,24.20907,185.86596,neutron,pi-
5,11,0.097,0.00,0.25,0.64533,0.323,0.30,0.35,1.2499,1.0000,1.5000,0.32464,0.30,0.35,FuuA,1555.94522,22.93094,155.59452,neutron,pi-
6,11,0.094,0.00,0.25,0.66336,0.323,0.30,0.35,1.2432,1.0000,1.5000,0.37493,0.35,0.40,FuuA,1266.54630,22.88146,126.65463,neutron,pi-
7,11,0.092,0.00,0.25,0.67602,0.324,0.30,0.35,1.2390,1.0000,1.5000,0.42496,0.40,0.45,FuuA,1004.76346,23.92815,100.47635,neutron,pi-
8,11,0.091,0.00,0.25,0.68260,0.323,0.30,0.35,1.2360,1.0000,1.5000,0.47505,0.45,0.50,FuuA,777.22211,24.80172,77.72221,neutron,pi-
9,11,0.091,0.00,0.25,0.68703,0.324,0.30,0.35,1.2345,1.0000,1.5000,0.52536,0.50,0.55,FuuA,583.16976,26.36614,58.31698,neutron,pi-
10,11,0.089,0.00,0.25,0.69506,0.325,0.30,0.35,1.2332,1.0000,1.5000,0.57370,0.55,0.60,FuuA,428.80399,30.57966,42.88040,neutron,pi-
11,11,0.087,0.00,0.25,0.70608,0.326,0.30,0.35,1.2295,1.0000,1.5000,0.64086,0.60,0.70,FuuA,273.90215,28.06753,27.39022,neutron,pi-
12,11,0.082,0.00,0.25,0.73822,0.328,0.30,0.35,1.2239,1.0000,1.5000,0.74024,0.70,0.80,FuuA,127.28182,51.09142,12.72818,neutron,pi-
13,11,0.076,0.00,0.25,0.78566,0.334,0.30,0.35,1.2220,1.0000,1.5000,0.84320,0.80,1.60,FuuA,49.53149,133.95360,4.95315,neutron,pi-
14,11,0.140,0.00,0.25,0.48066,0.373,0.35,0.40,1.3707,1.0000,1.5000,0.07002,0.00,0.10,FuuA,1830.02542,61.03542,183.00254,neutron,pi-
15,11,0.128,0.00,0.25,0.51574,0.373,0.35,0.40,1.3310,1.0000,1.5000,0.12951,0.10,0.15,FuuA,1754.48811,50.66136,175.44881,neutron,pi-
16,11,0.119,0.00,0.25,0.54374,0.373,0.35,0.40,1.3058,1.0000,1.5000,0.17827,0.15,0.20,FuuA,1635.86794,40.27269,163.58679,neutron,pi-
17,11,0.112,0.00,0.25,0.57076,0.373,0.35,0.40,1.2868,1.0000,1.5000,0.22631,0.20,0.25,FuuA,1481.18948,34.95103,148.11895,neutron,pi-
18,11,0.106,0.00,0.25,0.59752,0.373,0.35,0.40,1.2715,1.0000,1.5000,0.27501,0.25,0.30,FuuA,1302.67213,30.53795,130.26721,neutron,pi-
19,11,0.101,0.00,0.25,0.62353,0.373,0.35,0.40,1.2589,1.0000,1.5000,0.32543,0.30,0.35,FuuA,1108.99657,28.20395,110.89966,neutron,pi-
20,11,0.097,0.00,0.25,0.64482,0.373,0.35,0.40,1.2493,1.0000,1.5000,0.37454,0.35,0.40,FuuA,925.58756,28.44393,92.55876,neutron,pi-
21,11,0.094,0.00,0.25,0.66095,0.374,0.35,0.40,1.2429,1.0000,1.5000,0.42441,0.40,0.45,FuuA,752.74948,27.50800,75.27495,neutron,pi-
22,11,0.092,0.00,0.25,0.67332,0.374,0.35,0.40,1.2392,1.0000,1.5000,0.47556,0.45,0.50,FuuA,593.41233,29.45226,59.34123,neutron,pi-
23,11,0.091,0.00,0.25,0.68084,0.374,0.35,0.40,1.2363,1.0000,1.5000,0.52571,0.50,0.55,FuuA,459.15530,31.09776,45.91553,neutron,pi-
24,11,0.091,0.00,0.25,0.68377,0.374,0.35,0.40,1.2343,1.0000,1.5000,0.57488,0.55,0.60,FuuA,349.08591,34.06514,34.90859,neutron,pi-
25,11,0.090,0.00,0.25,0.69255,0.375,0.35,0.40,1.2326,1.0000,1.5000,0.64469,0.60,0.70,FuuA,228.24778,27.37953,22.82478,neutron,pi-
26,11,0.087,0.00,0.25,0.70629,0.376,0.35,0.40,1.2284,1.0000,1.5000,0.74060,0.70,0.80,FuuA,116.99970,40.90976,11.69997,neutron,pi-
27,11,0.082,0.00,0.25,0.74024,0.378,0.35,0.40,1.2228,1.0000,1.5000,0.85524,0.80,1.60,FuuA,49.12833,62.89597,4.91283,neutron,pi-
28,11,0.141,0.00,0.25,0.47822,0.423,0.40,0.45,1.3729,1.0000,1.5000,0.07323,0.00,0.10,FuuA,1243.39342,70.73889,124.33934,neutron,pi-
29,11,0.131,0.00,0.25,0.50546,0.423,0.40,0.45,1.3415,1.0000,1.5000,0.12915,0.10,0.15,FuuA,1200.35002,70.36800,120.03500,neutron,pi-
30,11,0.123,0.00,0.25,0.53022,0.423,0.40,0.45,1.3167,1.0000,1.5000,0.17562,0.15,0.20,FuuA,1135.19990,49.67571,113.51999,neutron,pi-
31,11,0.116,0.00,0.25,0.55548,0.423,0.40,0.45,1.2959,1.0000,1.5000,0.22596,0.20,0.25,FuuA,1039.38459,43.13658,103.93846,neutron,pi-
32,11,0.110,0.00,0.25,0.57954,0.423,0.40,0.45,1.2804,1.0000,1.5000,0.27548,0.25,0.30,FuuA,927.14984,38.11827,92.71498,neutron,pi-
33,11,0.105,0.00,0.25,0.60401,0.423,0.40,0.45,1.2676,1.0000,1.5000,0.32568,0.30,0.35,FuuA,804.73552,34.93077,80.47355,neutron,pi-
34,11,0.100,0.00,0.25,0.62667,0.423,0.40,0.45,1.2571,1.0000,1.5000,0.37589,0.35,0.40,FuuA,681.83128,33.66853,68.18313,neutron,pi-
35,11,0.097,0.00,0.25,0.64586,0.424,0.40,0.45,1.2483,1.0000,1.5000,0.42600,0.40,0.45,FuuA,565.67801,33.16269,56.56780,neutron,pi-
36,11,0.094,0.00,0.25,0.66004,0.424,0.40,0.45,1.2424,1.0000,1.5000,0.47492,0.45,0.50,FuuA,461.87663,34.96118,46.18766,neutron,pi-
37,11,0.092,0.00,0.25,0.67124,0.424,0.40,0.45,1.2389,1.0000,1.5000,0.52470,0.50,0.55,FuuA,367.65416,35.01626,36.76542,neutron,pi-
38,11,0.091,0.00,0.25,0.67922,0.424,0.40,0.45,1.2363,1.0000,1.5000,0.57618,0.55,0.60,FuuA,283.90060,38.13249,28.39006,neutron,pi-
39,11,0.091,0.00,0.25,0.68423,0.424,0.40,0.45,1.2338,1.0000,1.5000,0.64825,0.60,0.70,FuuA,191.85813,30.66514,19.18581,neutron,pi-
40,11,0.089,0.00,0.25,0.69473,0.425,0.40,0.45,1.2316,1.0000,1.5000,0.74301,0.70,0.80,FuuA,105.84608,38.21427,10.58461,neutron,pi-
41,11,0.086,0.00,0.25,0.71558,0.427,0.40,0.45,1.2258,1.0000,1.5000,0.87572,0.80,1.60,FuuA,44.00011,46.62786,4.40001,neutron,pi-
42,11,0.143,0.00,0.25,0.47459,0.473,0.45,0.50,1.3772,1.0000,1.5000,0.07306,0.00,0.10,FuuA,853.45715,86.30527,85.34572,neutron,pi-
43,11,0.134,0.00,0.25,0.49797,0.473,0.45,0.50,1.3493,1.0000,1.5000,0.12950,0.10,0.15,FuuA,826.95017,86.32107,82.69502,neutron,pi-
44,11,0.126,0.00,0.25,0.52078,0.473,0.45,0.50,1.3247,1.0000,1.5000,0.17622,0.15,0.20,FuuA,789.16317,61.55880,78.91632,neutron,pi-
45,11,0.119,0.00,0.25,0.54331,0.473,0.45,0.50,1.3050,1.0000,1.5000,0.22533,0.20,0.25,FuuA,732.65442,54.98784,73.26544,neutron,pi-
46,11,0.113,0.00,0.25,0.56511,0.473,0.45,0.50,1.2885,1.0000,1.5000,0.27452,0.25,0.30,FuuA,664.56763,46.49367,66.45676,neutron,pi-
47,11,0.108,0.00,0.25,0.58792,0.473,0.45,0.50,1.2750,1.0000,1.5000,0.32586,0.30,0.35,FuuA,585.33115,42.49418,58.53311,neutron,pi-
48,11,0.103,0.00,0.25,0.60927,0.473,0.45,0.50,1.2643,1.0000,1.5000,0.37452,0.35,0.40,FuuA,508.02974,42.48670,50.80297,neutron,pi-
49,11,0.100,0.00,0.25,0.62888,0.474,0.45,0.50,1.2550,1.0000,1.5000,0.42436,0.40,0.45,FuuA,430.68287,38.27228,43.06829,neutron,pi-
50,11,0.097,0.00,0.25,0.64614,0.474,0.45,0.50,1.2470,1.0000,1.5000,0.47555,0.45,0.50,FuuA,356.31000,40.36238,35.63100,neutron,pi-
51,11,0.094,0.00,0.25,0.65901,0.474,0.45,0.50,1.2419,1.0000,1.5000,0.52504,0.50,0.55,FuuA,290.96217,40.91526,29.09622,neutron,pi-
52,11,0.093,0.00,0.25,0.66930,0.474,0.45,0.50,1.2386,1.0000,1.5000,0.57535,0.55,0.60,FuuA,232.15972,43.05702,23.21597,neutron,pi-
53,11,0.091,0.00,0.25,0.67965,0.474,0.45,0.50,1.2353,1.0000,1.5000,0.64863,0.60,0.70,FuuA,162.28689,33.95108,16.22869,neutron,pi-
54,11,0.091,0.00,0.25,0.68582,0.474,0.45,0.50,1.2323,1.0000,1.5000,0.74770,0.70,0.80,FuuA,93.20502,40.31551,9.32050,neutron,pi-
55,11,0.087,0.00,0.25,0.70462,0.476,0.45,0.50,1.2279,1.0000,1.5000,0.89868,0.80,1.60,FuuA,38.43659,40.42686,3.84366,neutron,pi-
56,11,0.145,0.00,0.25,0.46879,0.523,0.50,0.55,1.3836,1.0000,1.5000,0.06260,0.00,0.10,FuuA,597.03892,122.66100,59.70389,neutron,pi-
57,11,0.136,0.00,0.25,0.49138,0.523,0.50,0.55,1.3566,1.0000,1.5000,0.12762,0.10,0.15,FuuA,578.44870,86.03780,57.84487,neutron,pi-
58,11,0.129,0.00,0.25,0.51319,0.523,0.50,0.55,1.3324,1.0000,1.5000,0.17649,0.15,0.20,FuuA,554.86096,86.58066,55.48610,neutron,pi-
59,11,0.122,0.00,0.25,0.53370,0.523,0.50,0.55,1.3125,1.0000,1.5000,0.22488,0.20,0.25,FuuA,521.65792,62.08973,52.16579,neutron,pi-
60,11,0.116,0.00,0.25,0.55405,0.523,0.50,0.55,1.2961,1.0000,1.5000,0.27405,0.25,0.30,FuuA,479.22432,61.74146,47.92243,neutron,pi-
61,11,0.111,0.00,0.25,0.57436,0.523,0.50,0.55,1.2823,1.0000,1.5000,0.32439,0.30,0.35,FuuA,430.03279,49.50852,43.00328,neutron,pi-
62,11,0.106,0.00,0.25,0.59521,0.523,0.50,0.55,1.2700,1.0000,1.5000,0.37685,0.35,0.40,FuuA,376.17273,49.60912,37.61727,neutron,pi-
63,11,0.102,0.00,0.25,0.61445,0.523,0.50,0.55,1.2610,1.0000,1.5000,0.42764,0.40,0.45,FuuA,323.44133,46.27040,32.34413,neutron,pi-
64,11,0.099,0.00,0.25,0.63107,0.524,0.50,0.55,1.2532,1.0000,1.5000,0.47564,0.45,0.50,FuuA,275.65387,50.00933,27.56539,neutron,pi-
65,11,0.097,0.00,0.25,0.64582,0.524,0.50,0.55,1.2466,1.0000,1.5000,0.52407,0.50,0.55,FuuA,230.98168,45.81638,23.09817,neutron,pi-
66,11,0.094,0.00,0.25,0.65815,0.524,0.50,0.55,1.2413,1.0000,1.5000,0.57440,0.55,0.60,FuuA,188.86919,50.10081,18.88692,neutron,pi-
67,11,0.092,0.00,0.25,0.67152,0.524,0.50,0.55,1.2371,1.0000,1.5000,0.64871,0.60,0.70,FuuA,136.50462,36.84287,13.65046,neutron,pi-
68,11,0.091,0.00,0.25,0.68255,0.524,0.50,0.55,1.2333,1.0000,1.5000,0.74618,0.70,0.80,FuuA,83.52733,46.49234,8.35273,neutron,pi-
69,11,0.088,0.00,0.25,0.69793,0.525,0.50,0.55,1.2274,1.0000,1.5000,0.91611,0.80,1.60,FuuA,34.94005,36.97631,3.49400,neutron,pi-
70,11,0.144,0.00,0.25,0.47023,0.573,0.55,0.60,1.3821,1.0000,1.5000,0.07426,0.00,0.10,FuuA,418.04057,124.21860,41.80406,neutron,pi-
71,11,0.137,0.00,0.25,0.48872,0.573,0.55,0.60,1.3595,1.0000,1.5000,0.13291,0.10,0.15,FuuA,407.29821,123.05040,40.72982,neutron,pi-
72,11,0.130,0.00,0.25,0.50941,0.573,0.55,0.60,1.3361,1.0000,1.5000,0.18286,0.15,0.20,FuuA,391.68034,87.00977,39.16803,neutron,pi-
73,11,0.123,0.00,0.25,0.52832,0.573,0.55,0.60,1.3164,1.0000,1.5000,0.23014,0.20,0.25,FuuA,371.46949,87.41466,37.14695,neutron,pi-
74,11,0.118,0.00,0.25,0.54549,0.573,0.55,0.60,1.3017,1.0000,1.5000,0.27535,0.25,0.30,FuuA,346.89393,70.40546,34.68939,neutron,pi-
75,11,0.113,0.00,0.25,0.56461,0.573,0.55,0.60,1.2876,1.0000,1.5000,0.32720,0.30,0.35,FuuA,314.34746,60.89946,31.43475,neutron,pi-
76,11,0.109,0.00,0.25,0.58260,0.573,0.55,0.60,1.2762,1.0000,1.5000,0.37744,0.35,0.40,FuuA,280.55863,61.38329,28.05586,neutron,pi-
77,11,0.105,0.00,0.25,0.60038,0.573,0.55,0.60,1.2665,1.0000,1.5000,0.42774,0.40,0.45,FuuA,245.83725,54.60165,24.58373,neutron,pi-
78,11,0.102,0.00,0.25,0.61848,0.574,0.55,0.60,1.2583,1.0000,1.5000,0.47987,0.45,0.50,FuuA,210.23627,54.84287,21.02363,neutron,pi-
79,11,0.099,0.00,0.25,0.63289,0.574,0.55,0.60,1.2512,1.0000,1.5000,0.52533,0.50,0.55,FuuA,181.11694,61.06734,18.11169,neutron,pi-
80,11,0.096,0.00,0.25,0.64539,0.574,0.55,0.60,1.2452,1.0000,1.5000,0.57141,0.55,0.60,FuuA,153.67568,54.69733,15.36757,neutron,pi-
81,11,0.094,0.00,0.25,0.66186,0.574,0.55,0.60,1.2391,1.0000,1.5000,0.64844,0.60,0.70,FuuA,113.71657,41.06523,11.37166,neutron,pi-
82,11,0.091,0.00,0.25,0.67724,0.574,0.55,0.60,1.2340,1.0000,1.5000,0.74665,0.70,0.80,FuuA,73.04625,50.19162,7.30462,neutron,pi-
83,11,0.088,0.00,0.25,0.69842,0.575,0.55,0.60,1.2241,1.0000,1.5000,0.94023,0.80,1.60,FuuA,30.10339,37.21034,3.01034,neutron,pi-
84,11,0.188,0.00,0.25,0.45515,0.323,0.30,0.35,1.7276,1.5000,2.0000,0.06541,0.00,0.10,FuuA,1761.52299,32.50453,176.15230,neutron,pi-
85,11,0.177,0.00,0.25,0.48923,0.324,0.30,0.35,1.7276,1.5000,2.0000,0.12596,0.10,0.15,FuuA,1609.39572,32.21481,160.93957,neutron,pi-
86,11,0.165,0.00,0.25,0.52467,0.323,0.30,0.35,1.7270,1.5000,2.0000,0.17503,0.15,0.20,FuuA,1448.57079,29.31637,144.85708,neutron,pi-
87,11,0.157,0.00,0.25,0.55493,0.323,0.30,0.35,1.7246,1.5000,2.0000,0.22523,0.20,0.25,FuuA,1269.52122,27.01936,126.95212,neutron,pi-
88,11,0.151,0.00,0.25,0.57704,0.324,0.30,0.35,1.7218,1.5000,2.0000,0.27520,0.25,0.30,FuuA,1088.60433,27.21280,108.86043,neutron,pi-
89,11,0.147,0.00,0.25,0.59249,0.324,0.30,0.35,1.7193,1.5000,2.0000,0.32455,0.30,0.35,FuuA,913.44846,27.32033,91.34485,neutron,pi-
90,11,0.145,0.00,0.25,0.60222,0.324,0.30,0.35,1.7174,1.5000,2.0000,0.37380,0.35,0.40,FuuA,747.77365,29.02279,74.77737,neutron,pi-
91,11,0.144,0.00,0.25,0.60721,0.324,0.30,0.35,1.7148,1.5000,2.0000,0.42356,0.40,0.45,FuuA,596.19901,30.19606,59.61990,neutron,pi-
92,11,0.145,0.00,0.25,0.60416,0.324,0.30,0.35,1.7114,1.5000,2.0000,0.47350,0.45,0.50,FuuA,464.18379,33.46880,46.41838,neutron,pi-
93,11,0.147,0.00,0.25,0.59633,0.324,0.30,0.35,1.7100,1.5000,2.0000,0.52353,0.50,0.55,FuuA,352.34474,34.84445,35.23447,neutron,pi-
94,11,0.146,0.00,0.25,0.59975,0.325,0.30,0.35,1.7138,1.5000,2.0000,0.57306,0.55,0.60,FuuA,257.96582,40.56152,25.79658,neutron,pi-
95,11,0.140,0.00,0.25,0.62029,0.326,0.30,0.35,1.7201,1.5000,2.0000,0.63758,0.60,0.70,FuuA,165.80848,38.75714,16.58085,neutron,pi-
96,11,0.129,0.00,0.25,0.66238,0.328,0.30,0.35,1.7228,1.5000,2.0000,0.72425,0.70,0.80,FuuA,84.41679,71.00288,8.44168,neutron,pi-
97,11,0.119,0.00,0.25,0.70805,0.332,0.30,0.35,1.7222,1.5000,2.0000,0.81181,0.80,1.60,FuuA,38.83846,126.16560,3.88385,neutron,pi-
98,11,0.189,0.00,0.25,0.45219,0.373,0.35,0.40,1.7267,1.5000,2.0000,0.06401,0.00,0.10,FuuA,1169.78690,40.45931,116.97869,neutron,pi-
99,11,0.181,0.00,0.25,0.47624,0.373,0.35,0.40,1.7271,1.5000,2.0000,0.12402,0.10,0.15,FuuA,1083.75795,38.55833,108.37579,neutron,pi-
100,11,0.171,0.00,0.25,0.50650,0.373,0.35,0.40,1.7269,1.5000,2.0000,0.17411,0.15,0.20,FuuA,984.37500,34.92473,98.43750,neutron,pi-
101,11,0.162,0.00,0.25,0.53701,0.373,0.35,0.40,1.7256,1.5000,2.0000,0.22516,0.20,0.25,FuuA,871.60290,32.55297,87.16029,neutron,pi-
102,11,0.155,0.00,0.25,0.56112,0.374,0.35,0.40,1.7231,1.5000,2.0000,0.27560,0.25,0.30,FuuA,756.32912,32.32800,75.63291,neutron,pi-
103,11,0.151,0.00,0.25,0.57855,0.374,0.35,0.40,1.7211,1.5000,2.0000,0.32472,0.30,0.35,FuuA,645.00980,32.57727,64.50098,neutron,pi-
104,11,0.148,0.00,0.25,0.59170,0.374,0.35,0.40,1.7189,1.5000,2.0000,0.37524,0.35,0.40,FuuA,536.03647,32.57340,53.60365,neutron,pi-
105,11,0.145,0.00,0.25,0.60103,0.374,0.35,0.40,1.7171,1.5000,2.0000,0.42643,0.40,0.45,FuuA,433.40945,35.08353,43.34095,neutron,pi-
106,11,0.144,0.00,0.25,0.60612,0.374,0.35,0.40,1.7147,1.5000,2.0000,0.47613,0.45,0.50,FuuA,344.64183,38.10061,34.46418,neutron,pi-
107,11,0.145,0.00,0.25,0.60542,0.374,0.35,0.40,1.7119,1.5000,2.0000,0.52646,0.50,0.55,FuuA,267.43680,40.66496,26.74368,neutron,pi-
108,11,0.147,0.00,0.25,0.59798,0.374,0.35,0.40,1.7091,1.5000,2.0000,0.57593,0.55,0.60,FuuA,204.15923,46.16455,20.41592,neutron,pi-
109,11,0.147,0.00,0.25,0.59825,0.374,0.35,0.40,1.7119,1.5000,2.0000,0.64664,0.60,0.70,FuuA,133.39535,36.80220,13.33954,neutron,pi-
110,11,0.139,0.00,0.25,0.62447,0.376,0.35,0.40,1.7203,1.5000,2.0000,0.74662,0.70,0.80,FuuA,65.66844,55.18551,6.56684,neutron,pi-
111,11,0.126,0.00,0.25,0.67738,0.379,0.35,0.40,1.7229,1.5000,2.0000,0.86596,0.80,1.60,FuuA,25.49962,97.29537,2.54996,neutron,pi-
112,11,0.189,0.00,0.25,0.45003,0.423,0.40,0.45,1.7262,1.5000,2.0000,0.06343,0.00,0.10,FuuA,791.96560,49.74084,79.19656,neutron,pi-
113,11,0.183,0.00,0.25,0.46869,0.423,0.40,0.45,1.7264,1.5000,2.0000,0.12300,0.10,0.15,FuuA,742.25326,46.26746,74.22533,neutron,pi-
114,11,0.175,0.00,0.25,0.49329,0.424,0.40,0.45,1.7265,1.5000,2.0000,0.17465,0.15,0.20,FuuA,679.42118,40.58994,67.94212,neutron,pi-
115,11,0.166,0.00,0.25,0.52137,0.424,0.40,0.45,1.7262,1.5000,2.0000,0.22539,0.20,0.25,FuuA,608.80259,40.23742,60.88026,neutron,pi-
116,11,0.160,0.00,0.25,0.54502,0.424,0.40,0.45,1.7243,1.5000,2.0000,0.27438,0.25,0.30,FuuA,537.48471,38.54082,53.74847,neutron,pi-
117,11,0.154,0.00,0.25,0.56513,0.424,0.40,0.45,1.7222,1.5000,2.0000,0.32552,0.30,0.35,FuuA,462.48617,36.86676,46.24862,neutron,pi-
118,11,0.150,0.00,0.25,0.57989,0.424,0.40,0.45,1.7204,1.5000,2.0000,0.37485,0.35,0.40,FuuA,392.65450,40.49941,39.26545,neutron,pi-
119,11,0.148,0.00,0.25,0.59124,0.424,0.40,0.45,1.7184,1.5000,2.0000,0.42451,0.40,0.45,FuuA,326.52543,38.70377,32.65254,neutron,pi-
120,11,0.146,0.00,0.25,0.59978,0.424,0.40,0.45,1.7166,1.5000,2.0000,0.47579,0.45,0.50,FuuA,264.02153,43.44135,26.40215,neutron,pi-
121,11,0.145,0.00,0.25,0.60493,0.424,0.40,0.45,1.7150,1.5000,2.0000,0.52513,0.50,0.55,FuuA,210.81279,45.95097,21.08128,neutron,pi-
122,11,0.145,0.00,0.25,0.60616,0.424,0.40,0.45,1.7129,1.5000,2.0000,0.57532,0.55,0.60,FuuA,164.33457,50.37820,16.43346,neutron,pi-
123,11,0.147,0.00,0.25,0.59873,0.424,0.40,0.45,1.7093,1.5000,2.0000,0.64820,0.60,0.70,FuuA,111.50076,40.84858,11.15008,neutron,pi-
124,11,0.145,0.00,0.25,0.60152,0.425,0.40,0.45,1.7128,1.5000,2.0000,0.74143,0.70,0.80,FuuA,62.31335,55.09101,6.23133,neutron,pi-
125,11,0.136,0.00,0.25,0.63709,0.427,0.40,0.45,1.7193,1.5000,2.0000,0.86785,0.80,1.60,FuuA,26.85871,62.10106,2.68587,neutron,pi-
126,11,0.190,0.00,0.25,0.44829,0.473,0.45,0.50,1.7258,1.5000,2.0000,0.06220,0.00,0.10,FuuA,540.93698,61.62049,54.09370,neutron,pi-
127,11,0.185,0.00,0.25,0.46351,0.473,0.45,0.50,1.7259,1.5000,2.0000,0.12248,0.10,0.15,FuuA,511.25868,54.35414,51.12587,neutron,pi-
128,11,0.178,0.00,0.25,0.48271,0.474,0.45,0.50,1.7259,1.5000,2.0000,0.17344,0.15,0.20,FuuA,473.30246,49.93518,47.33025,neutron,pi-
129,11,0.171,0.00,0.25,0.50717,0.474,0.45,0.50,1.7258,1.5000,2.0000,0.22436,0.20,0.25,FuuA,428.91925,46.30923,42.89192,neutron,pi-
130,11,0.163,0.00,0.25,0.53196,0.474,0.45,0.50,1.7250,1.5000,2.0000,0.27490,0.25,0.30,FuuA,381.65723,45.97149,38.16572,neutron,pi-
131,11,0.157,0.00,0.25,0.55329,0.474,0.45,0.50,1.7229,1.5000,2.0000,0.32620,0.30,0.35,FuuA,332.90062,43.09946,33.29006,neutron,pi-
132,11,0.153,0.00,0.25,0.56933,0.474,0.45,0.50,1.7210,1.5000,2.0000,0.37606,0.35,0.40,FuuA,286.65816,46.92017,28.66582,neutron,pi-
133,11,0.150,0.00,0.25,0.58131,0.474,0.45,0.50,1.7195,1.5000,2.0000,0.42369,0.40,0.45,FuuA,244.31727,46.61537,24.43173,neutron,pi-
134,11,0.148,0.00,0.25,0.59121,0.474,0.45,0.50,1.7179,1.5000,2.0000,0.47207,0.45,0.50,FuuA,204.27910,49.63347,20.42791,neutron,pi-
135,11,0.146,0.00,0.25,0.59894,0.474,0.45,0.50,1.7167,1.5000,2.0000,0.52178,0.50,0.55,FuuA,166.84221,50.23518,16.68422,neutron,pi-
136,11,0.145,0.00,0.25,0.60388,0.474,0.45,0.50,1.7148,1.5000,2.0000,0.57355,0.55,0.60,FuuA,132.56759,54.92347,13.25676,neutron,pi-
137,11,0.144,0.00,0.25,0.60693,0.474,0.45,0.50,1.7122,1.5000,2.0000,0.64519,0.60,0.70,FuuA,93.84516,45.81923,9.38452,neutron,pi-
138,11,0.144,0.00,0.25,0.60459,0.474,0.45,0.50,1.7093,1.5000,2.0000,0.74348,0.70,0.80,FuuA,54.91523,55.03889,5.49152,neutron,pi-
139,11,0.137,0.00,0.25,0.63038,0.476,0.45,0.50,1.7136,1.5000,2.0000,0.89671,0.80,1.60,FuuA,22.32479,57.16790,2.23248,neutron,pi-
140,11,0.190,0.00,0.25,0.44757,0.523,0.50,0.55,1.7249,1.5000,2.0000,0.06550,0.00,0.10,FuuA,373.48457,70.74034,37.34846,neutron,pi-
141,11,0.186,0.00,0.25,0.45964,0.524,0.50,0.55,1.7247,1.5000,2.0000,0.12309,0.10,0.15,FuuA,356.00543,70.41748,35.60054,neutron,pi-
142,11,0.180,0.00,0.25,0.47637,0.524,0.50,0.55,1.7254,1.5000,2.0000,0.17502,0.15,0.20,FuuA,331.59191,54.94603,33.15919,neutron,pi-
143,11,0.174,0.00,0.25,0.49702,0.524,0.50,0.55,1.7253,1.5000,2.0000,0.22445,0.20,0.25,FuuA,304.12565,61.07805,30.41257,neutron,pi-
144,11,0.167,0.00,0.25,0.51995,0.524,0.50,0.55,1.7243,1.5000,2.0000,0.27455,0.25,0.30,FuuA,274.30110,49.77307,27.43011,neutron,pi-
145,11,0.161,0.00,0.25,0.54124,0.524,0.50,0.55,1.7236,1.5000,2.0000,0.32633,0.30,0.35,FuuA,241.91314,55.19967,24.19131,neutron,pi-
146,11,0.156,0.00,0.25,0.55853,0.524,0.50,0.55,1.7219,1.5000,2.0000,0.37654,0.35,0.40,FuuA,211.04288,50.04120,21.10429,neutron,pi-
147,11,0.152,0.00,0.25,0.57235,0.524,0.50,0.55,1.7200,1.5000,2.0000,0.42870,0.40,0.45,FuuA,180.20375,54.03769,18.02038,neutron,pi-
148,11,0.150,0.00,0.25,0.58280,0.524,0.50,0.55,1.7186,1.5000,2.0000,0.47424,0.45,0.50,FuuA,154.59761,60.33888,15.45976,neutron,pi-
149,11,0.147,0.00,0.25,0.59192,0.524,0.50,0.55,1.7173,1.5000,2.0000,0.52309,0.50,0.55,FuuA,129.30856,54.65407,12.93086,neutron,pi-
150,11,0.146,0.00,0.25,0.59928,0.524,0.50,0.55,1.7160,1.5000,2.0000,0.57700,0.55,0.60,FuuA,104.17638,61.64687,10.41764,neutron,pi-
151,11,0.143,0.00,0.25,0.60873,0.524,0.50,0.55,1.7142,1.5000,2.0000,0.65041,0.60,0.70,FuuA,75.64529,49.72148,7.56453,neutron,pi-
152,11,0.140,0.00,0.25,0.61833,0.524,0.50,0.55,1.7107,1.5000,2.0000,0.75116,0.70,0.80,FuuA,45.87860,61.36661,4.58786,neutron,pi-
153,11,0.134,0.00,0.25,0.63710,0.525,0.50,0.55,1.7093,1.5000,2.0000,0.92442,0.80,1.60,FuuA,18.61788,57.51991,1.86179,neutron,pi-
154,11,0.191,0.00,0.25,0.44617,0.573,0.55,0.60,1.7246,1.5000,2.0000,0.06447,0.00,0.10,FuuA,261.06167,86.59642,26.10617,neutron,pi-
155,11,0.187,0.00,0.25,0.45693,0.573,0.55,0.60,1.7249,1.5000,2.0000,0.12036,0.10,0.15,FuuA,250.40797,86.86915,25.04080,neutron,pi-
156,11,0.183,0.00,0.25,0.46912,0.574,0.55,0.60,1.7244,1.5000,2.0000,0.16733,0.15,0.20,FuuA,237.41890,70.89020,23.74189,neutron,pi-
157,11,0.177,0.00,0.25,0.48787,0.574,0.55,0.60,1.7242,1.5000,2.0000,0.22269,0.20,0.25,FuuA,218.17942,60.35464,21.81794,neutron,pi-
158,11,0.169,0.00,0.25,0.51096,0.574,0.55,0.60,1.7240,1.5000,2.0000,0.27917,0.25,0.30,FuuA,195.98584,61.13580,19.59858,neutron,pi-
159,11,0.164,0.00,0.25,0.52961,0.574,0.55,0.60,1.7240,1.5000,2.0000,0.32527,0.30,0.35,FuuA,177.07438,70.65397,17.70744,neutron,pi-
160,11,0.160,0.00,0.25,0.54516,0.574,0.55,0.60,1.7228,1.5000,2.0000,0.36955,0.35,0.40,FuuA,158.95812,61.47169,15.89581,neutron,pi-
161,11,0.155,0.00,0.25,0.56079,0.574,0.55,0.60,1.7211,1.5000,2.0000,0.42058,0.40,0.45,FuuA,138.44368,60.41939,13.84437,neutron,pi-
162,11,0.152,0.00,0.25,0.57453,0.574,0.55,0.60,1.7192,1.5000,2.0000,0.47431,0.45,0.50,FuuA,117.94505,60.24903,11.79450,neutron,pi-
163,11,0.149,0.00,0.25,0.58523,0.574,0.55,0.60,1.7181,1.5000,2.0000,0.52375,0.50,0.55,FuuA,100.17972,71.09492,10.01797,neutron,pi-
164,11,0.146,0.00,0.25,0.59435,0.574,0.55,0.60,1.7174,1.5000,2.0000,0.56947,0.55,0.60,FuuA,85.03192,70.51693,8.50319,neutron,pi-
165,11,0.143,0.00,0.25,0.60865,0.574,0.55,0.60,1.7158,1.5000,2.0000,0.64078,0.60,0.70,FuuA,64.48516,55.18605,6.44852,neutron,pi-
166,11,0.137,0.00,0.25,0.62748,0.574,0.55,0.60,1.7123,1.5000,2.0000,0.74793,0.70,0.80,FuuA,40.24066,61.11475,4.02407,neutron,pi-
167,11,0.130,0.00,0.25,0.65281,0.575,0.55,0.60,1.7064,1.5000,2.0000,0.94750,0.80,1.60,FuuA,15.63263,61.09025,1.56326,neutron,pi-
168,11,0.210,0.00,0.25,0.51597,0.323,0.30,0.35,2.2132,2.0000,2.5000,0.06591,0.00,0.10,FuuA,984.10602,47.30470,98.41060,neutron,pi-
169,11,0.201,0.00,0.25,0.54367,0.323,0.30,0.35,2.2172,2.0000,2.5000,0.12579,0.10,0.15,FuuA,909.84139,45.38546,90.98414,neutron,pi-
170,11,0.193,0.00,0.25,0.56653,0.323,0.30,0.35,2.2167,2.0000,2.5000,0.17586,0.15,0.20,FuuA,830.20134,40.42189,83.02013,neutron,pi-
171,11,0.188,0.00,0.25,0.58255,0.323,0.30,0.35,2.2156,2.0000,2.5000,0.22511,0.20,0.25,FuuA,739.66291,40.48320,73.96629,neutron,pi-
172,11,0.184,0.00,0.25,0.59459,0.324,0.30,0.35,2.2138,2.0000,2.5000,0.27495,0.25,0.30,FuuA,640.26493,38.90689,64.02649,neutron,pi-
173,11,0.182,0.00,0.25,0.60271,0.324,0.30,0.35,2.2113,2.0000,2.5000,0.32572,0.30,0.35,FuuA,537.90354,42.01308,53.79035,neutron,pi-
174,11,0.181,0.00,0.25,0.60629,0.324,0.30,0.35,2.2077,2.0000,2.5000,0.37506,0.35,0.40,FuuA,442.71646,45.12915,44.27165,neutron,pi-
175,11,0.181,0.00,0.25,0.60492,0.324,0.30,0.35,2.2053,2.0000,2.5000,0.42493,0.40,0.45,FuuA,353.97670,49.63455,35.39767,neutron,pi-
176,11,0.182,0.00,0.25,0.60033,0.324,0.30,0.35,2.2050,2.0000,2.5000,0.47406,0.45,0.50,FuuA,276.57388,56.73223,27.65739,neutron,pi-
177,11,0.184,0.00,0.25,0.59432,0.324,0.30,0.35,2.2042,2.0000,2.5000,0.52378,0.50,0.55,FuuA,210.24725,59.88797,21.02473,neutron,pi-
178,11,0.185,0.00,0.25,0.59097,0.323,0.30,0.35,2.2047,2.0000,2.5000,0.57447,0.55,0.60,FuuA,153.98693,65.36124,15.39869,neutron,pi-
179,11,0.184,0.00,0.25,0.59601,0.325,0.30,0.35,2.2107,2.0000,2.5000,0.64048,0.60,0.70,FuuA,97.82379,59.06320,9.78238,neutron,pi-
180,11,0.178,0.00,0.25,0.61696,0.328,0.30,0.35,2.2205,2.0000,2.5000,0.73282,0.70,0.80,FuuA,47.54958,92.00977,4.75496,neutron,pi-
181,11,0.165,0.00,0.25,0.66155,0.334,0.30,0.35,2.2243,2.0000,2.5000,0.83513,0.80,1.60,FuuA,18.83670,240.64920,1.88367,neutron,pi-
182,11,0.211,0.00,0.25,0.51269,0.373,0.35,0.40,2.2118,2.0000,2.5000,0.06421,0.00,0.10,FuuA,647.76696,59.78915,64.77670,neutron,pi-
183,11,0.204,0.00,0.25,0.53447,0.373,0.35,0.40,2.2163,2.0000,2.5000,0.12593,0.10,0.15,FuuA,602.26931,52.45919,60.22693,neutron,pi-
184,11,0.196,0.00,0.25,0.55675,0.373,0.35,0.40,2.2166,2.0000,2.5000,0.17533,0.15,0.20,FuuA,554.57058,51.95765,55.45706,neutron,pi-
185,11,0.191,0.00,0.25,0.57274,0.373,0.35,0.40,2.2164,2.0000,2.5000,0.22333,0.20,0.25,FuuA,501.04449,47.09196,50.10445,neutron,pi-
186,11,0.187,0.00,0.25,0.58575,0.374,0.35,0.40,2.2148,2.0000,2.5000,0.27500,0.25,0.30,FuuA,438.61313,45.62067,43.86131,neutron,pi-
187,11,0.184,0.00,0.25,0.59546,0.374,0.35,0.40,2.2130,2.0000,2.5000,0.32488,0.30,0.35,FuuA,376.21799,49.83217,37.62180,neutron,pi-
188,11,0.182,0.00,0.25,0.60234,0.374,0.35,0.40,2.2105,2.0000,2.5000,0.37414,0.35,0.40,FuuA,315.80812,49.80248,31.58081,neutron,pi-
189,11,0.181,0.00,0.25,0.60580,0.374,0.35,0.40,2.2076,2.0000,2.5000,0.42547,0.40,0.45,FuuA,256.72625,54.90529,25.67263,neutron,pi-
190,11,0.181,0.00,0.25,0.60525,0.374,0.35,0.40,2.2050,2.0000,2.5000,0.47686,0.45,0.50,FuuA,203.56066,60.09689,20.35607,neutron,pi-
191,11,0.182,0.00,0.25,0.60176,0.374,0.35,0.40,2.2046,2.0000,2.5000,0.52709,0.50,0.55,FuuA,158.07098,70.45171,15.80710,neutron,pi-
192,11,0.183,0.00,0.25,0.59720,0.374,0.35,0.40,2.2042,2.0000,2.5000,0.57467,0.55,0.60,FuuA,121.69947,79.36435,12.16995,neutron,pi-
193,11,0.185,0.00,0.25,0.59091,0.374,0.35,0.40,2.2041,2.0000,2.5000,0.64964,0.60,0.70,FuuA,77.93591,59.96543,7.79359,neutron,pi-
194,11,0.184,0.00,0.25,0.59614,0.375,0.35,0.40,2.2109,2.0000,2.5000,0.74300,0.70,0.80,FuuA,39.85913,92.30434,3.98591,neutron,pi-
195,11,0.177,0.00,0.25,0.61841,0.378,0.35,0.40,2.2195,2.0000,2.5000,0.84733,0.80,1.60,FuuA,17.82221,115.07875,1.78222,neutron,pi-
196,11,0.212,0.00,0.25,0.51085,0.423,0.40,0.45,2.2110,2.0000,2.5000,0.06630,0.00,0.10,FuuA,433.42515,71.04378,43.34251,neutron,pi-
197,11,0.207,0.00,0.25,0.52718,0.423,0.40,0.45,2.2151,2.0000,2.5000,0.12441,0.10,0.15,FuuA,407.82809,69.33667,40.78281,neutron,pi-
198,11,0.200,0.00,0.25,0.54614,0.423,0.40,0.45,2.2163,2.0000,2.5000,0.17255,0.15,0.20,FuuA,379.08251,59.70364,37.90825,neutron,pi-
199,11,0.194,0.00,0.25,0.56423,0.424,0.40,0.45,2.2163,2.0000,2.5000,0.22300,0.20,0.25,FuuA,344.47465,56.37883,34.44746,neutron,pi-
200,11,0.189,0.00,0.25,0.57736,0.424,0.40,0.45,2.2150,2.0000,2.5000,0.27318,0.25,0.30,FuuA,307.11888,55.42915,30.71189,neutron,pi-
201,11,0.186,0.00,0.25,0.58813,0.424,0.40,0.45,2.2140,2.0000,2.5000,0.32415,0.30,0.35,FuuA,266.96197,55.07149,26.69620,neutron,pi-
202,11,0.183,0.00,0.25,0.59643,0.424,0.40,0.45,2.2123,2.0000,2.5000,0.37425,0.35,0.40,FuuA,227.64797,59.18261,22.76480,neutron,pi-
203,11,0.182,0.00,0.25,0.60240,0.424,0.40,0.45,2.2102,2.0000,2.5000,0.42511,0.40,0.45,FuuA,189.39572,59.84776,18.93957,neutron,pi-
204,11,0.181,0.00,0.25,0.60557,0.424,0.40,0.45,2.2073,2.0000,2.5000,0.47524,0.45,0.50,FuuA,154.63435,70.27335,15.46344,neutron,pi-
205,11,0.181,0.00,0.25,0.60544,0.424,0.40,0.45,2.2052,2.0000,2.5000,0.52604,0.50,0.55,FuuA,123.17184,70.49214,12.31718,neutron,pi-
206,11,0.181,0.00,0.25,0.60329,0.424,0.40,0.45,2.2042,2.0000,2.5000,0.57593,0.55,0.60,FuuA,96.22792,91.10654,9.62279,neutron,pi-
207,11,0.183,0.00,0.25,0.59737,0.424,0.40,0.45,2.2038,2.0000,2.5000,0.64363,0.60,0.70,FuuA,67.11950,70.20972,6.71195,neutron,pi-
208,11,0.185,0.00,0.25,0.59001,0.424,0.40,0.45,2.2023,2.0000,2.5000,0.73697,0.70,0.80,FuuA,37.80541,91.49685,3.78054,neutron,pi-
209,11,0.182,0.00,0.25,0.60296,0.426,0.40,0.45,2.2130,2.0000,2.5000,0.86675,0.80,1.60,FuuA,16.06592,88.83982,1.60659,neutron,pi-
210,11,0.213,0.00,0.25,0.50889,0.473,0.45,0.50,2.2101,2.0000,2.5000,0.06274,0.00,0.10,FuuA,293.66026,91.86756,29.36603,neutron,pi-
211,11,0.208,0.00,0.25,0.52167,0.473,0.45,0.50,2.2145,2.0000,2.5000,0.12269,0.10,0.15,FuuA,277.92748,79.27498,27.79275,neutron,pi-
212,11,0.202,0.00,0.25,0.53941,0.474,0.45,0.50,2.2155,2.0000,2.5000,0.17489,0.15,0.20,FuuA,258.82896,70.13048,25.88290,neutron,pi-
213,11,0.196,0.00,0.25,0.55666,0.474,0.45,0.50,2.2161,2.0000,2.5000,0.22338,0.20,0.25,FuuA,238.04172,71.29044,23.80417,neutron,pi-
214,11,0.192,0.00,0.25,0.56996,0.474,0.45,0.50,2.2151,2.0000,2.5000,0.27182,0.25,0.30,FuuA,215.49983,64.55268,21.54998,neutron,pi-
215,11,0.188,0.00,0.25,0.58135,0.474,0.45,0.50,2.2144,2.0000,2.5000,0.32332,0.30,0.35,FuuA,189.98859,64.66304,18.99886,neutron,pi-
216,11,0.185,0.00,0.25,0.59054,0.474,0.45,0.50,2.2134,2.0000,2.5000,0.37665,0.35,0.40,FuuA,163.15603,64.16503,16.31560,neutron,pi-
217,11,0.183,0.00,0.25,0.59741,0.474,0.45,0.50,2.2124,2.0000,2.5000,0.42450,0.40,0.45,FuuA,139.57479,78.82481,13.95748,neutron,pi-
218,11,0.182,0.00,0.25,0.60201,0.474,0.45,0.50,2.2100,2.0000,2.5000,0.47136,0.45,0.50,FuuA,117.96341,71.73653,11.79634,neutron,pi-
219,11,0.181,0.00,0.25,0.60530,0.474,0.45,0.50,2.2075,2.0000,2.5000,0.52568,0.50,0.55,FuuA,94.92886,78.64752,9.49289,neutron,pi-
220,11,0.181,0.00,0.25,0.60590,0.474,0.45,0.50,2.2049,2.0000,2.5000,0.57762,0.55,0.60,FuuA,75.52775,91.65041,7.55278,neutron,pi-
221,11,0.182,0.00,0.25,0.60274,0.474,0.45,0.50,2.2036,2.0000,2.5000,0.64572,0.60,0.70,FuuA,54.43709,78.79851,5.44371,neutron,pi-
222,11,0.184,0.00,0.25,0.59497,0.474,0.45,0.50,2.2030,2.0000,2.5000,0.74382,0.70,0.80,FuuA,31.80556,92.46708,3.18056,neutron,pi-
223,11,0.181,0.00,0.25,0.60262,0.475,0.45,0.50,2.2094,2.0000,2.5000,0.90544,0.80,1.60,FuuA,12.16014,90.57349,1.21601,neutron,pi-
224,11,0.213,0.00,0.25,0.50774,0.523,0.50,0.55,2.2091,2.0000,2.5000,0.06299,0.00,0.10,FuuA,201.03996,111.65311,20.10400,neutron,pi-
225,11,0.209,0.00,0.25,0.51915,0.523,0.50,0.55,2.2130,2.0000,2.5000,0.12481,0.10,0.15,FuuA,190.93034,92.62537,19.09303,neutron,pi-
226,11,0.204,0.00,0.25,0.53324,0.523,0.50,0.55,2.2149,2.0000,2.5000,0.17406,0.15,0.20,FuuA,179.70250,91.38900,17.97025,neutron,pi-
227,11,0.199,0.00,0.25,0.54950,0.524,0.50,0.55,2.2153,2.0000,2.5000,0.22232,0.20,0.25,FuuA,166.66264,79.04279,16.66626,neutron,pi-
228,11,0.194,0.00,0.25,0.56362,0.524,0.50,0.55,2.2149,2.0000,2.5000,0.27217,0.25,0.30,FuuA,151.97723,79.65837,15.19772,neutron,pi-
229,11,0.190,0.00,0.25,0.57550,0.524,0.50,0.55,2.2144,2.0000,2.5000,0.32555,0.30,0.35,FuuA,135.08249,71.04936,13.50825,neutron,pi-
230,11,0.187,0.00,0.25,0.58526,0.524,0.50,0.55,2.2134,2.0000,2.5000,0.37945,0.35,0.40,FuuA,117.60018,79.23382,11.76002,neutron,pi-
231,11,0.185,0.00,0.25,0.59263,0.524,0.50,0.55,2.2123,2.0000,2.5000,0.42964,0.40,0.45,FuuA,101.51677,79.56947,10.15168,neutron,pi-
232,11,0.183,0.00,0.25,0.59833,0.524,0.50,0.55,2.2107,2.0000,2.5000,0.47746,0.45,0.50,FuuA,86.82570,91.12583,8.68257,neutron,pi-
233,11,0.181,0.00,0.25,0.60303,0.524,0.50,0.55,2.2093,2.0000,2.5000,0.52420,0.50,0.55,FuuA,73.36581,90.37382,7.33658,neutron,pi-
234,11,0.181,0.00,0.25,0.60539,0.524,0.50,0.55,2.2068,2.0000,2.5000,0.57817,0.55,0.60,FuuA,59.36474,92.02512,5.93647,neutron,pi-
235,11,0.181,0.00,0.25,0.60579,0.524,0.50,0.55,2.2038,2.0000,2.5000,0.64496,0.60,0.70,FuuA,44.45520,91.64657,4.44552,neutron,pi-
236,11,0.182,0.00,0.25,0.60174,0.525,0.50,0.55,2.2033,2.0000,2.5000,0.74099,0.70,0.80,FuuA,27.88575,91.34900,2.78858,neutron,pi-
237,11,0.179,0.00,0.25,0.61059,0.525,0.50,0.55,2.2079,2.0000,2.5000,0.93001,0.80,1.60,FuuA,10.14915,95.07179,1.01492,neutron,pi-
238,11,0.212,0.00,0.25,0.50911,0.573,0.55,0.60,2.2099,2.0000,2.5000,0.07602,0.00,0.10,FuuA,137.55662,112.61304,13.75566,neutron,pi-
239,11,0.210,0.00,0.25,0.51749,0.573,0.55,0.60,2.2125,2.0000,2.5000,0.12849,0.10,0.15,FuuA,132.18769,157.70700,13.21877,neutron,pi-
240,11,0.206,0.00,0.25,0.52939,0.573,0.55,0.60,2.2141,2.0000,2.5000,0.17528,0.15,0.20,FuuA,125.28723,91.33499,12.52872,neutron,pi-
241,11,0.201,0.00,0.25,0.54397,0.573,0.55,0.60,2.2149,2.0000,2.5000,0.22484,0.20,0.25,FuuA,116.86769,112.33262,11.68677,neutron,pi-
242,11,0.196,0.00,0.25,0.55699,0.574,0.55,0.60,2.2147,2.0000,2.5000,0.26899,0.25,0.30,FuuA,108.53990,91.64932,10.85399,neutron,pi-
243,11,0.192,0.00,0.25,0.56844,0.574,0.55,0.60,2.2148,2.0000,2.5000,0.31917,0.30,0.35,FuuA,98.36557,91.47565,9.83656,neutron,pi-
244,11,0.189,0.00,0.25,0.57767,0.574,0.55,0.60,2.2135,2.0000,2.5000,0.36872,0.35,0.40,FuuA,88.01606,90.89272,8.80161,neutron,pi-
245,11,0.186,0.00,0.25,0.58633,0.574,0.55,0.60,2.2129,2.0000,2.5000,0.41937,0.40,0.45,FuuA,77.29816,91.22750,7.72982,neutron,pi-
246,11,0.184,0.00,0.25,0.59324,0.574,0.55,0.60,2.2118,2.0000,2.5000,0.47308,0.45,0.50,FuuA,66.17103,91.32771,6.61710,neutron,pi-
247,11,0.183,0.00,0.25,0.59872,0.574,0.55,0.60,2.2100,2.0000,2.5000,0.52151,0.50,0.55,FuuA,56.67078,113.00973,5.66708,neutron,pi-
248,11,0.182,0.00,0.25,0.60213,0.574,0.55,0.60,2.2091,2.0000,2.5000,0.56508,0.55,0.60,FuuA,48.65618,111.37776,4.86562,neutron,pi-
249,11,0.181,0.00,0.25,0.60554,0.574,0.55,0.60,2.2064,2.0000,2.5000,0.64581,0.60,0.70,FuuA,35.78607,79.27517,3.57861,neutron,pi-
250,11,0.180,0.00,0.25,0.60791,0.574,0.55,0.60,2.2050,2.0000,2.5000,0.75809,0.70,0.80,FuuA,21.62343,112.05725,2.16234,neutron,pi-
251,11,0.174,0.00,0.25,0.62467,0.574,0.55,0.60,2.2065,2.0000,2.5000,0.94231,0.80,1.60,FuuA,8.97333,102.96030,0.89733,neutron,pi-
0,11,0.226,0.00,0.25,0.57829,0.340,0.30,0.40,2.6894,2.5000,3.0000,0.06562,0.00,0.10,FuuA,541.52871,64.61998,54.15287,neutron,pi-
1,11,0.222,0.00,0.25,0.59019,0.345,0.30,0.40,2.6895,2.5000,3.0000,0.15339,0.10,0.20,FuuA,468.59099,39.42721,46.85910,neutron,pi-
2,11,0.217,0.00,0.25,0.60329,0.344,0.30,0.40,2.6911,2.5000,3.0000,0.24954,0.20,0.30,FuuA,381.32040,36.37402,38.13204,neutron,pi-
3,11,0.215,0.00,0.25,0.60892,0.346,0.30,0.40,2.6850,2.5000,3.0000,0.34643,0.30,0.40,FuuA,277.08160,42.37032,27.70816,neutron,pi-
4,11,0.216,0.00,0.25,0.60665,0.349,0.30,0.40,2.6845,2.5000,3.0000,0.44800,0.40,0.50,FuuA,176.21536,50.02244,17.62154,neutron,pi-
5,11,0.217,0.00,0.25,0.60414,0.344,0.30,0.40,2.6844,2.5000,3.0000,0.54425,0.50,0.60,FuuA,108.89820,70.82778,10.88982,neutron,pi-
6,11,0.217,0.00,0.25,0.60322,0.344,0.30,0.40,2.6846,2.5000,3.0000,0.64078,0.60,0.70,FuuA,59.06605,70.97627,5.90660,neutron,pi-
7,11,0.216,0.00,0.25,0.60678,0.358,0.30,0.40,2.6903,2.5000,3.0000,0.77959,0.70,1.60,FuuA,20.54772,96.71228,2.05477,neutron,pi-
8,11,0.227,0.00,0.25,0.57643,0.440,0.40,0.50,2.6898,2.5000,3.0000,0.07027,0.00,0.10,FuuA,235.54575,91.87579,23.55458,neutron,pi-
9,11,0.224,0.00,0.25,0.58543,0.445,0.40,0.50,2.6867,2.5000,3.0000,0.15735,0.10,0.20,FuuA,208.82841,60.13146,20.88284,neutron,pi-
10,11,0.220,0.00,0.25,0.59622,0.444,0.40,0.50,2.6919,2.5000,3.0000,0.25435,0.20,0.30,FuuA,176.22186,50.17117,17.62219,neutron,pi-
11,11,0.216,0.00,0.25,0.60589,0.449,0.40,0.50,2.6895,2.5000,3.0000,0.35047,0.30,0.40,FuuA,133.23680,55.50519,13.32368,neutron,pi-
12,11,0.215,0.00,0.25,0.60929,0.446,0.40,0.50,2.6838,2.5000,3.0000,0.44881,0.40,0.50,FuuA,97.98410,59.81434,9.79841,neutron,pi-
13,11,0.216,0.00,0.25,0.60689,0.441,0.40,0.50,2.6837,2.5000,3.0000,0.54139,0.50,0.60,FuuA,67.05531,92.77345,6.70553,neutron,pi-
14,11,0.216,0.00,0.25,0.60500,0.449,0.40,0.50,2.6842,2.5000,3.0000,0.64653,0.60,0.70,FuuA,38.05827,79.48578,3.80583,neutron,pi-
15,11,0.217,0.00,0.25,0.60387,0.449,0.40,0.50,2.6849,2.5000,3.0000,0.85377,0.70,1.60,FuuA,11.29510,94.92445,1.12951,neutron,pi-
16,11,0.227,0.00,0.25,0.57637,0.549,0.50,0.60,2.6892,2.5000,3.0000,0.08736,0.00,0.10,FuuA,100.69494,112.06537,10.06949,neutron,pi-
17,11,0.224,0.00,0.25,0.58414,0.540,0.50,0.60,2.6856,2.5000,3.0000,0.17339,0.10,0.20,FuuA,99.08994,91.19854,9.90899,neutron,pi-
18,11,0.222,0.00,0.25,0.59107,0.548,0.50,0.60,2.6889,2.5000,3.0000,0.25734,0.20,0.30,FuuA,82.47950,79.52872,8.24795,neutron,pi-
19,11,0.219,0.00,0.25,0.59979,0.544,0.50,0.60,2.6921,2.5000,3.0000,0.34666,0.30,0.40,FuuA,70.70292,70.94368,7.07029,neutron,pi-
20,11,0.215,0.00,0.25,0.60771,0.544,0.50,0.60,2.6871,2.5000,3.0000,0.45639,0.40,0.50,FuuA,52.27142,70.70029,5.22714,neutron,pi-
21,11,0.215,0.00,0.25,0.60939,0.550,0.50,0.60,2.6825,2.5000,3.0000,0.55725,0.50,0.60,FuuA,35.69449,112.04102,3.56945,neutron,pi-
22,11,0.215,0.00,0.25,0.60771,0.549,0.50,0.60,2.6828,2.5000,3.0000,0.64172,0.60,0.70,FuuA,25.59567,112.61708,2.55957,neutron,pi-
23,11,0.216,0.00,0.25,0.60717,0.544,0.50,0.60,2.6845,2.5000,3.0000,0.84255,0.70,1.60,FuuA,10.54325,92.69721,1.05433,neutron,pi-
