i,Ebeam,x,xl,xr,y,z,zl,zr,Q2,Q2l,Q2r,pT,pTl,pTr,obs,value,stat,syst,target,hadron
0,11,0.267,0.25,0.50,0.33491,0.349,0.30,0.40,1.8451,1.5000,2.0000,0.07463,0.00,0.10,FuuA,1257.91621,86.58066,125.79162,neutron,pi-
1,11,0.270,0.25,0.50,0.33032,0.344,0.30,0.40,1.8401,1.5000,2.0000,0.15399,0.10,0.20,FuuA,1184.26093,54.41653,118.42609,neutron,pi-
2,11,0.270,0.25,0.50,0.33030,0.349,0.30,0.40,1.8407,1.5000,2.0000,0.25778,0.20,0.30,FuuA,909.02901,61.62620,90.90290,neutron,pi-
3,11,0.270,0.25,0.50,0.33043,0.341,0.30,0.40,1.8400,1.5000,2.0000,0.36450,0.30,0.40,FuuA,671.18113,71.33846,67.11811,neutron,pi-
4,11,0.270,0.25,0.50,0.33153,0.349,0.30,0.40,1.8416,1.5000,2.0000,0.51572,0.40,0.60,FuuA,321.01064,61.80322,32.10106,neutron,pi-
5,11,0.265,0.25,0.50,0.34837,0.338,0.30,0.40,1.8997,1.5000,2.0000,0.63253,0.60,0.80,FuuA,145.21220,462.60720,14.52122,neutron,pi-
6,11,0.268,0.25,0.50,0.33278,0.440,0.40,0.50,1.8414,1.5000,2.0000,0.13364,0.10,0.20,FuuA,571.65308,70.92469,57.16531,neutron,pi-
7,11,0.271,0.25,0.50,0.32978,0.449,0.40,0.50,1.8387,1.5000,2.0000,0.22468,0.20,0.30,FuuA,464.66245,87.42247,46.46625,neutron,pi-
8,11,0.271,0.25,0.50,0.32994,0.450,0.40,0.50,1.8401,1.5000,2.0000,0.30541,0.30,0.40,FuuA,385.10250,87.38345,38.51025,neutron,pi-
9,11,0.269,0.25,0.50,0.33262,0.444,0.40,0.50,1.8430,1.5000,2.0000,0.47673,0.40,0.60,FuuA,228.87669,66.79701,22.88767,neutron,pi-
10,11,0.256,0.25,0.50,0.36554,0.424,0.40,0.50,1.9327,1.5000,2.0000,0.72370,0.60,0.80,FuuA,58.97979,753.09960,5.89798,neutron,pi-
11,11,0.268,0.25,0.50,0.33296,0.548,0.50,0.60,1.8412,1.5000,2.0000,0.16565,0.10,0.20,FuuA,250.93516,86.73311,25.09352,neutron,pi-
12,11,0.271,0.25,0.50,0.32981,0.524,0.50,0.60,1.8395,1.5000,2.0000,0.27153,0.20,0.30,FuuA,247.97613,120.71400,24.79761,neutron,pi-
13,11,0.266,0.25,0.50,0.33742,0.571,0.50,0.60,1.8519,1.5000,2.0000,0.36135,0.30,0.40,FuuA,148.30865,128.89140,14.83087,neutron,pi-
14,11,0.268,0.25,0.50,0.33329,0.523,0.50,0.60,1.8445,1.5000,2.0000,0.42333,0.40,0.60,FuuA,170.23190,123.43980,17.02319,neutron,pi-
15,11,0.259,0.25,0.50,0.35819,0.520,0.50,0.60,1.9109,1.5000,2.0000,0.60936,0.60,0.80,FuuA,80.07980,466.11180,8.00798,neutron,pi-
16,11,0.279,0.25,0.50,0.39653,0.342,0.30,0.40,2.2692,2.0000,2.5000,0.06595,0.00,0.10,FuuA,786.23539,55.70485,78.62354,neutron,pi-
17,11,0.287,0.25,0.50,0.38378,0.345,0.30,0.40,2.2600,2.0000,2.5000,0.14892,0.10,0.20,FuuA,693.94373,38.56263,69.39437,neutron,pi-
18,11,0.289,0.25,0.50,0.38222,0.349,0.30,0.40,2.2608,2.0000,2.5000,0.24573,0.20,0.30,FuuA,546.13950,42.24368,54.61395,neutron,pi-
19,11,0.288,0.25,0.50,0.38338,0.344,0.30,0.40,2.2603,2.0000,2.5000,0.34749,0.30,0.40,FuuA,411.53359,49.93399,41.15336,neutron,pi-
20,11,0.288,0.25,0.50,0.38265,0.345,0.30,0.40,2.2564,2.0000,2.5000,0.49538,0.40,0.60,FuuA,212.90396,42.67665,21.29040,neutron,pi-
21,11,0.278,0.25,0.50,0.40002,0.357,0.30,0.40,2.2840,2.0000,2.5000,0.66439,0.60,0.80,FuuA,70.92946,90.90363,7.09295,neutron,pi-
22,11,0.275,0.25,0.50,0.40198,0.440,0.40,0.50,2.2726,2.0000,2.5000,0.06252,0.00,0.10,FuuA,354.87837,91.94110,35.48784,neutron,pi-
23,11,0.284,0.25,0.50,0.38771,0.446,0.40,0.50,2.2615,2.0000,2.5000,0.14929,0.10,0.20,FuuA,312.10627,52.75805,31.21063,neutron,pi-
24,11,0.289,0.25,0.50,0.38093,0.446,0.40,0.50,2.2579,2.0000,2.5000,0.24602,0.20,0.30,FuuA,263.67746,52.67442,26.36775,neutron,pi-
25,11,0.288,0.25,0.50,0.38229,0.445,0.40,0.50,2.2595,2.0000,2.5000,0.35116,0.30,0.40,FuuA,202.39558,60.04462,20.23956,neutron,pi-
26,11,0.287,0.25,0.50,0.38406,0.445,0.40,0.50,2.2589,2.0000,2.5000,0.48952,0.40,0.60,FuuA,123.49127,60.00138,12.34913,neutron,pi-
27,11,0.274,0.25,0.50,0.40379,0.446,0.40,0.50,2.2757,2.0000,2.5000,0.67911,0.60,0.80,FuuA,48.97077,91.05507,4.89708,neutron,pi-
28,11,0.274,0.25,0.50,0.40280,0.548,0.50,0.60,2.2728,2.0000,2.5000,0.07784,0.00,0.10,FuuA,154.11413,112.20178,15.41141,neutron,pi-
29,11,0.283,0.25,0.50,0.39015,0.540,0.50,0.60,2.2629,2.0000,2.5000,0.15148,0.10,0.20,FuuA,153.53974,92.40110,15.35397,neutron,pi-
30,11,0.287,0.25,0.50,0.38412,0.544,0.50,0.60,2.2573,2.0000,2.5000,0.23479,0.20,0.30,FuuA,133.93665,70.24481,13.39367,neutron,pi-
31,11,0.288,0.25,0.50,0.38270,0.544,0.50,0.60,2.2588,2.0000,2.5000,0.34050,0.30,0.40,FuuA,107.81638,71.08536,10.78164,neutron,pi-
32,11,0.278,0.25,0.50,0.39668,0.548,0.50,0.60,2.2695,2.0000,2.5000,0.49454,0.40,0.60,FuuA,68.90147,79.62553,6.89015,neutron,pi-
33,11,0.269,0.25,0.50,0.41395,0.524,0.50,0.60,2.2942,2.0000,2.5000,0.66100,0.60,0.80,FuuA,38.50498,166.58284,3.85050,neutron,pi-
34,11,0.291,0.25,0.50,0.46175,0.343,0.30,0.40,2.7500,2.5000,3.0000,0.06599,0.00,0.10,FuuA,470.25640,49.87817,47.02564,neutron,pi-
35,11,0.300,0.25,0.50,0.44992,0.345,0.30,0.40,2.7518,2.5000,3.0000,0.14947,0.10,0.20,FuuA,411.61238,36.06216,41.16124,neutron,pi-
36,11,0.303,0.25,0.50,0.44619,0.346,0.30,0.40,2.7522,2.5000,3.0000,0.24749,0.20,0.30,FuuA,328.06835,39.62707,32.80683,neutron,pi-
37,11,0.302,0.25,0.50,0.44786,0.347,0.30,0.40,2.7513,2.5000,3.0000,0.34882,0.30,0.40,FuuA,235.68159,47.58199,23.56816,neutron,pi-
38,11,0.302,0.25,0.50,0.44688,0.345,0.30,0.40,2.7486,2.5000,3.0000,0.49015,0.40,0.60,FuuA,128.91987,42.61443,12.89199,neutron,pi-
39,11,0.292,0.25,0.50,0.46216,0.351,0.30,0.40,2.7576,2.5000,3.0000,0.67808,0.60,0.80,FuuA,41.08252,69.69669,4.10825,neutron,pi-
40,11,0.289,0.25,0.50,0.46441,0.443,0.40,0.50,2.7502,2.5000,3.0000,0.07147,0.00,0.10,FuuA,205.46380,71.07687,20.54638,neutron,pi-
41,11,0.297,0.25,0.50,0.45431,0.444,0.40,0.50,2.7508,2.5000,3.0000,0.15863,0.10,0.20,FuuA,183.96692,49.94112,18.39669,neutron,pi-
42,11,0.304,0.25,0.50,0.44511,0.446,0.40,0.50,2.7511,2.5000,3.0000,0.25031,0.20,0.30,FuuA,151.67491,53.10779,15.16749,neutron,pi-
43,11,0.303,0.25,0.50,0.44621,0.445,0.40,0.50,2.7510,2.5000,3.0000,0.34375,0.30,0.40,FuuA,120.28467,60.56904,12.02847,neutron,pi-
44,11,0.301,0.25,0.50,0.44865,0.446,0.40,0.50,2.7502,2.5000,3.0000,0.48563,0.40,0.60,FuuA,73.17619,52.83498,7.31762,neutron,pi-
45,11,0.285,0.25,0.50,0.47114,0.448,0.40,0.50,2.7558,2.5000,3.0000,0.72026,0.60,0.80,FuuA,23.39762,81.62912,2.33976,neutron,pi-
46,11,0.287,0.25,0.50,0.46677,0.548,0.50,0.60,2.7499,2.5000,3.0000,0.06900,0.00,0.10,FuuA,91.39006,112.47713,9.13901,neutron,pi-
47,11,0.294,0.25,0.50,0.45841,0.544,0.50,0.60,2.7496,2.5000,3.0000,0.15582,0.10,0.20,FuuA,87.16493,70.87494,8.71649,neutron,pi-
48,11,0.301,0.25,0.50,0.44942,0.544,0.50,0.60,2.7509,2.5000,3.0000,0.24777,0.20,0.30,FuuA,75.63584,70.98032,7.56358,neutron,pi-
49,11,0.303,0.25,0.50,0.44645,0.544,0.50,0.60,2.7511,2.5000,3.0000,0.34893,0.30,0.40,FuuA,61.05409,70.76928,6.10541,neutron,pi-
50,11,0.294,0.25,0.50,0.45839,0.548,0.50,0.60,2.7527,2.5000,3.0000,0.48506,0.40,0.60,FuuA,41.14661,78.94886,4.11466,neutron,pi-
51,11,0.281,0.25,0.50,0.48010,0.539,0.50,0.60,2.7630,2.5000,3.0000,0.68545,0.60,0.80,FuuA,20.36527,99.55352,2.03653,neutron,pi-
