i,Ebeam,x,xl,xr,y,z,zl,zr,Q2,Q2l,Q2r,pT,pTl,pTr,obs,value,stat,syst,target,hadron
0,11,0.139,0.00,0.25,0.48409,0.323,0.30,0.35,1.3670,1.0000,1.5000,0.06952,0.00,0.10,FuuA,3207.39628,42.58296,320.73963,neutron,pi+
1,11,0.125,0.00,0.25,0.52409,0.323,0.30,0.35,1.3246,1.0000,1.5000,0.12735,0.10,0.15,FuuA,3069.77749,35.17026,306.97775,neutron,pi+
2,11,0.116,0.00,0.25,0.55617,0.323,0.30,0.35,1.2982,1.0000,1.5000,0.17569,0.15,0.20,FuuA,2839.42268,27.14186,283.94227,neutron,pi+
3,11,0.108,0.00,0.25,0.58839,0.323,0.30,0.35,1.2781,1.0000,1.5000,0.22572,0.20,0.25,FuuA,2525.56558,22.85868,252.55656,neutron,pi+
4,11,0.102,0.00,0.25,0.61874,0.323,0.30,0.35,1.2631,1.0000,1.5000,0.27573,0.25,0.30,FuuA,2173.88488,20.83618,217.38849,neutron,pi+
5,11,0.097,0.00,0.25,0.64378,0.323,0.30,0.35,1.2516,1.0000,1.5000,0.32552,0.30,0.35,FuuA,1821.06888,19.78942,182.10689,neutron,pi+
6,11,0.094,0.00,0.25,0.66157,0.324,0.30,0.35,1.2447,1.0000,1.5000,0.37522,0.35,0.40,FuuA,1486.48539,19.99980,148.64854,neutron,pi+
7,11,0.092,0.00,0.25,0.67384,0.324,0.30,0.35,1.2408,1.0000,1.5000,0.42476,0.40,0.45,FuuA,1182.09081,20.64578,118.20908,neutron,pi+
8,11,0.092,0.00,0.25,0.68032,0.324,0.30,0.35,1.2382,1.0000,1.5000,0.47427,0.45,0.50,FuuA,916.84423,21.80770,91.68442,neutron,pi+
9,11,0.091,0.00,0.25,0.68452,0.324,0.30,0.35,1.2365,1.0000,1.5000,0.52420,0.50,0.55,FuuA,690.42155,22.58605,69.04216,neutron,pi+
10,11,0.090,0.00,0.25,0.69238,0.325,0.30,0.35,1.2356,1.0000,1.5000,0.57440,0.55,0.60,FuuA,502.25196,25.74246,50.22520,neutron,pi+
11,11,0.088,0.00,0.25,0.70428,0.326,0.30,0.35,1.2314,1.0000,1.5000,0.64345,0.60,0.70,FuuA,316.50430,24.62150,31.65043,neutron,pi+
12,11,0.082,0.00,0.25,0.73654,0.328,0.30,0.35,1.2254,1.0000,1.5000,0.74046,0.70,0.80,FuuA,149.19836,46.35967,14.91984,neutron,pi+
13,11,0.077,0.00,0.25,0.78127,0.333,0.30,0.35,1.2235,1.0000,1.5000,0.83656,0.80,1.60,FuuA,63.68134,107.20771,6.36813,neutron,pi+
14,11,0.141,0.00,0.25,0.47985,0.373,0.35,0.40,1.3719,1.0000,1.5000,0.07030,0.00,0.10,FuuA,2167.32327,50.52334,216.73233,neutron,pi+
15,11,0.128,0.00,0.25,0.51386,0.373,0.35,0.40,1.3336,1.0000,1.5000,0.12893,0.10,0.15,FuuA,2085.68814,43.35271,208.56881,neutron,pi+
16,11,0.120,0.00,0.25,0.54193,0.373,0.35,0.40,1.3083,1.0000,1.5000,0.17728,0.15,0.20,FuuA,1950.47972,33.68732,195.04797,neutron,pi+
17,11,0.113,0.00,0.25,0.56922,0.373,0.35,0.40,1.2885,1.0000,1.5000,0.22620,0.20,0.25,FuuA,1766.81147,29.06428,176.68115,neutron,pi+
18,11,0.106,0.00,0.25,0.59610,0.373,0.35,0.40,1.2735,1.0000,1.5000,0.27520,0.25,0.30,FuuA,1553.47808,25.85869,155.34781,neutron,pi+
19,11,0.101,0.00,0.25,0.62165,0.373,0.35,0.40,1.2610,1.0000,1.5000,0.32518,0.30,0.35,FuuA,1325.92698,23.96313,132.59270,neutron,pi+
20,11,0.097,0.00,0.25,0.64280,0.374,0.35,0.40,1.2511,1.0000,1.5000,0.37486,0.35,0.40,FuuA,1105.61280,23.77591,110.56128,neutron,pi+
21,11,0.095,0.00,0.25,0.65880,0.374,0.35,0.40,1.2451,1.0000,1.5000,0.42438,0.40,0.45,FuuA,900.17580,23.89744,90.01758,neutron,pi+
22,11,0.093,0.00,0.25,0.67034,0.374,0.35,0.40,1.2414,1.0000,1.5000,0.47414,0.45,0.50,FuuA,714.79967,25.14561,71.47997,neutron,pi+
23,11,0.092,0.00,0.25,0.67799,0.374,0.35,0.40,1.2386,1.0000,1.5000,0.52433,0.50,0.55,FuuA,553.40071,26.35168,55.34007,neutron,pi+
24,11,0.092,0.00,0.25,0.68083,0.374,0.35,0.40,1.2368,1.0000,1.5000,0.57498,0.55,0.60,FuuA,417.35508,28.35615,41.73551,neutron,pi+
25,11,0.090,0.00,0.25,0.68959,0.375,0.35,0.40,1.2353,1.0000,1.5000,0.64577,0.60,0.70,FuuA,271.10052,23.52107,27.11005,neutron,pi+
26,11,0.088,0.00,0.25,0.70313,0.376,0.35,0.40,1.2309,1.0000,1.5000,0.74054,0.70,0.80,FuuA,140.07511,35.42824,14.00751,neutron,pi+
27,11,0.082,0.00,0.25,0.73732,0.379,0.35,0.40,1.2252,1.0000,1.5000,0.85385,0.80,1.60,FuuA,59.78772,53.53709,5.97877,neutron,pi+
28,11,0.142,0.00,0.25,0.47559,0.423,0.40,0.45,1.3765,1.0000,1.5000,0.06923,0.00,0.10,FuuA,1494.92989,61.44702,149.49299,neutron,pi+
29,11,0.132,0.00,0.25,0.50317,0.423,0.40,0.45,1.3444,1.0000,1.5000,0.12621,0.10,0.15,FuuA,1448.42036,55.62423,144.84204,neutron,pi+
30,11,0.124,0.00,0.25,0.52873,0.423,0.40,0.45,1.3188,1.0000,1.5000,0.17508,0.15,0.20,FuuA,1370.11575,40.77384,137.01157,neutron,pi+
31,11,0.116,0.00,0.25,0.55374,0.423,0.40,0.45,1.2986,1.0000,1.5000,0.22508,0.20,0.25,FuuA,1257.62414,36.11999,125.76241,neutron,pi+
32,11,0.110,0.00,0.25,0.57787,0.423,0.40,0.45,1.2825,1.0000,1.5000,0.27499,0.25,0.30,FuuA,1123.06969,31.10926,112.30697,neutron,pi+
33,11,0.105,0.00,0.25,0.60160,0.423,0.40,0.45,1.2702,1.0000,1.5000,0.32491,0.30,0.35,FuuA,976.50224,29.77080,97.65022,neutron,pi+
34,11,0.101,0.00,0.25,0.62408,0.423,0.40,0.45,1.2591,1.0000,1.5000,0.37532,0.35,0.40,FuuA,828.62868,27.46457,82.86287,neutron,pi+
35,11,0.097,0.00,0.25,0.64304,0.424,0.40,0.45,1.2506,1.0000,1.5000,0.42596,0.40,0.45,FuuA,686.18348,28.21508,68.61835,neutron,pi+
36,11,0.095,0.00,0.25,0.65711,0.424,0.40,0.45,1.2450,1.0000,1.5000,0.47465,0.45,0.50,FuuA,560.79339,29.15993,56.07934,neutron,pi+
37,11,0.093,0.00,0.25,0.66803,0.424,0.40,0.45,1.2415,1.0000,1.5000,0.52419,0.50,0.55,FuuA,447.01890,29.88742,44.70189,neutron,pi+
38,11,0.092,0.00,0.25,0.67594,0.424,0.40,0.45,1.2392,1.0000,1.5000,0.57517,0.55,0.60,FuuA,346.12747,31.92392,34.61275,neutron,pi+
39,11,0.092,0.00,0.25,0.68065,0.424,0.40,0.45,1.2364,1.0000,1.5000,0.64826,0.60,0.70,FuuA,232.80582,25.69396,23.28058,neutron,pi+
40,11,0.090,0.00,0.25,0.69118,0.425,0.40,0.45,1.2346,1.0000,1.5000,0.74635,0.70,0.80,FuuA,125.80050,31.56135,12.58005,neutron,pi+
41,11,0.086,0.00,0.25,0.71382,0.427,0.40,0.45,1.2285,1.0000,1.5000,0.88185,0.80,1.60,FuuA,50.86418,41.24884,5.08642,neutron,pi+
42,11,0.143,0.00,0.25,0.47351,0.474,0.45,0.50,1.3786,1.0000,1.5000,0.07213,0.00,0.10,FuuA,1038.01329,70.27913,103.80133,neutron,pi+
43,11,0.134,0.00,0.25,0.49642,0.473,0.45,0.50,1.3511,1.0000,1.5000,0.12793,0.10,0.15,FuuA,1009.15512,70.66396,100.91551,neutron,pi+
44,11,0.127,0.00,0.25,0.51916,0.473,0.45,0.50,1.3275,1.0000,1.5000,0.17530,0.15,0.20,FuuA,963.76639,49.36480,96.37664,neutron,pi+
45,11,0.120,0.00,0.25,0.54256,0.473,0.45,0.50,1.3066,1.0000,1.5000,0.22711,0.20,0.25,FuuA,892.68664,42.88104,89.26866,neutron,pi+
46,11,0.114,0.00,0.25,0.56377,0.473,0.45,0.50,1.2913,1.0000,1.5000,0.27568,0.25,0.30,FuuA,810.65773,39.73667,81.06577,neutron,pi+
47,11,0.109,0.00,0.25,0.58519,0.473,0.45,0.50,1.2780,1.0000,1.5000,0.32540,0.30,0.35,FuuA,718.12464,34.62700,71.81246,neutron,pi+
48,11,0.104,0.00,0.25,0.60683,0.474,0.45,0.50,1.2668,1.0000,1.5000,0.37624,0.35,0.40,FuuA,619.60816,33.84876,61.96082,neutron,pi+
49,11,0.100,0.00,0.25,0.62635,0.474,0.45,0.50,1.2576,1.0000,1.5000,0.42593,0.40,0.45,FuuA,525.34002,32.86741,52.53400,neutron,pi+
50,11,0.097,0.00,0.25,0.64255,0.474,0.45,0.50,1.2501,1.0000,1.5000,0.47528,0.45,0.50,FuuA,437.59093,33.53813,43.75909,neutron,pi+
51,11,0.095,0.00,0.25,0.65555,0.474,0.45,0.50,1.2453,1.0000,1.5000,0.52365,0.50,0.55,FuuA,358.82894,34.85228,35.88289,neutron,pi+
52,11,0.094,0.00,0.25,0.66583,0.474,0.45,0.50,1.2417,1.0000,1.5000,0.57374,0.55,0.60,FuuA,287.00420,35.16981,28.70042,neutron,pi+
53,11,0.092,0.00,0.25,0.67593,0.474,0.45,0.50,1.2384,1.0000,1.5000,0.64809,0.60,0.70,FuuA,199.68382,28.34645,19.96838,neutron,pi+
54,11,0.091,0.00,0.25,0.68146,0.474,0.45,0.50,1.2353,1.0000,1.5000,0.74654,0.70,0.80,FuuA,115.16496,33.93246,11.51650,neutron,pi+
55,11,0.088,0.00,0.25,0.70075,0.476,0.45,0.50,1.2312,1.0000,1.5000,0.89633,0.80,1.60,FuuA,47.97542,33.54275,4.79754,neutron,pi+
56,11,0.145,0.00,0.25,0.46973,0.524,0.50,0.55,1.3829,1.0000,1.5000,0.06912,0.00,0.10,FuuA,733.05633,87.42247,73.30563,neutron,pi+
57,11,0.137,0.00,0.25,0.48854,0.523,0.50,0.55,1.3606,1.0000,1.5000,0.12403,0.10,0.15,FuuA,715.41154,86.39464,71.54115,neutron,pi+
58,11,0.130,0.00,0.25,0.50954,0.523,0.50,0.55,1.3367,1.0000,1.5000,0.17173,0.15,0.20,FuuA,689.38603,60.66980,68.93860,neutron,pi+
59,11,0.123,0.00,0.25,0.53223,0.523,0.50,0.55,1.3149,1.0000,1.5000,0.22567,0.20,0.25,FuuA,644.97871,50.19644,64.49787,neutron,pi+
60,11,0.117,0.00,0.25,0.55304,0.523,0.50,0.55,1.2981,1.0000,1.5000,0.27765,0.25,0.30,FuuA,589.75353,46.27634,58.97535,neutron,pi+
61,11,0.112,0.00,0.25,0.57251,0.524,0.50,0.55,1.2849,1.0000,1.5000,0.32697,0.30,0.35,FuuA,530.44651,43.01496,53.04465,neutron,pi+
62,11,0.107,0.00,0.25,0.59140,0.524,0.50,0.55,1.2741,1.0000,1.5000,0.37555,0.35,0.40,FuuA,468.49286,40.81677,46.84929,neutron,pi+
63,11,0.103,0.00,0.25,0.61047,0.524,0.50,0.55,1.2647,1.0000,1.5000,0.42513,0.40,0.45,FuuA,404.74979,38.54329,40.47498,neutron,pi+
64,11,0.100,0.00,0.25,0.62805,0.524,0.50,0.55,1.2563,1.0000,1.5000,0.47431,0.45,0.50,FuuA,343.97767,39.13638,34.39777,neutron,pi+
65,11,0.097,0.00,0.25,0.64275,0.524,0.50,0.55,1.2491,1.0000,1.5000,0.52288,0.50,0.55,FuuA,288.40782,38.96793,28.84078,neutron,pi+
66,11,0.095,0.00,0.25,0.65483,0.524,0.50,0.55,1.2447,1.0000,1.5000,0.57433,0.55,0.60,FuuA,234.78026,38.93730,23.47803,neutron,pi+
67,11,0.093,0.00,0.25,0.66801,0.524,0.50,0.55,1.2402,1.0000,1.5000,0.64741,0.60,0.70,FuuA,170.49551,31.76597,17.04955,neutron,pi+
68,11,0.092,0.00,0.25,0.67830,0.524,0.50,0.55,1.2370,1.0000,1.5000,0.74408,0.70,0.80,FuuA,105.15662,36.36695,10.51566,neutron,pi+
69,11,0.089,0.00,0.25,0.69459,0.525,0.50,0.55,1.2305,1.0000,1.5000,0.91814,0.80,1.60,FuuA,42.85969,30.98652,4.28597,neutron,pi+
70,11,0.146,0.00,0.25,0.46559,0.574,0.55,0.60,1.3875,1.0000,1.5000,0.05784,0.00,0.10,FuuA,526.75684,123.82920,52.67568,neutron,pi+
71,11,0.140,0.00,0.25,0.48254,0.574,0.55,0.60,1.3673,1.0000,1.5000,0.11976,0.10,0.15,FuuA,514.01841,86.18241,51.40184,neutron,pi+
72,11,0.131,0.00,0.25,0.50491,0.573,0.55,0.60,1.3415,1.0000,1.5000,0.17664,0.15,0.20,FuuA,494.89989,70.34632,49.48999,neutron,pi+
73,11,0.124,0.00,0.25,0.52581,0.574,0.55,0.60,1.3199,1.0000,1.5000,0.23028,0.20,0.25,FuuA,466.86596,60.54178,46.68660,neutron,pi+
74,11,0.119,0.00,0.25,0.54301,0.574,0.55,0.60,1.3053,1.0000,1.5000,0.27669,0.25,0.30,FuuA,435.42681,61.26397,43.54268,neutron,pi+
75,11,0.115,0.00,0.25,0.56039,0.574,0.55,0.60,1.2923,1.0000,1.5000,0.32385,0.30,0.35,FuuA,398.74233,49.62419,39.87423,neutron,pi+
76,11,0.110,0.00,0.25,0.57984,0.574,0.55,0.60,1.2800,1.0000,1.5000,0.37677,0.35,0.40,FuuA,354.02020,45.94873,35.40202,neutron,pi+
77,11,0.106,0.00,0.25,0.59794,0.574,0.55,0.60,1.2703,1.0000,1.5000,0.42791,0.40,0.45,FuuA,309.59956,45.83021,30.95996,neutron,pi+
78,11,0.102,0.00,0.25,0.61458,0.574,0.55,0.60,1.2617,1.0000,1.5000,0.47632,0.45,0.50,FuuA,268.41598,45.51162,26.84160,neutron,pi+
79,11,0.100,0.00,0.25,0.62935,0.574,0.55,0.60,1.2548,1.0000,1.5000,0.52393,0.50,0.55,FuuA,229.67964,45.46716,22.96796,neutron,pi+
80,11,0.097,0.00,0.25,0.64309,0.574,0.55,0.60,1.2487,1.0000,1.5000,0.57513,0.55,0.60,FuuA,191.23900,43.20656,19.12390,neutron,pi+
81,11,0.095,0.00,0.25,0.65822,0.574,0.55,0.60,1.2430,1.0000,1.5000,0.64863,0.60,0.70,FuuA,143.21173,35.23189,14.32117,neutron,pi+
82,11,0.092,0.00,0.25,0.67335,0.574,0.55,0.60,1.2377,1.0000,1.5000,0.74485,0.70,0.80,FuuA,93.10079,39.05028,9.31008,neutron,pi+
83,11,0.088,0.00,0.25,0.69495,0.575,0.55,0.60,1.2279,1.0000,1.5000,0.94132,0.80,1.60,FuuA,37.69900,30.67007,3.76990,neutron,pi+
84,11,0.188,0.00,0.25,0.45372,0.324,0.30,0.35,1.7277,1.5000,2.0000,0.06568,0.00,0.10,FuuA,2019.79769,27.08243,201.97977,neutron,pi+
85,11,0.177,0.00,0.25,0.48782,0.324,0.30,0.35,1.7280,1.5000,2.0000,0.12690,0.10,0.15,FuuA,1846.73220,26.75155,184.67322,neutron,pi+
86,11,0.166,0.00,0.25,0.52276,0.324,0.30,0.35,1.7274,1.5000,2.0000,0.17580,0.15,0.20,FuuA,1664.54197,24.98172,166.45420,neutron,pi+
87,11,0.158,0.00,0.25,0.55208,0.324,0.30,0.35,1.7250,1.5000,2.0000,0.22474,0.20,0.25,FuuA,1466.17836,23.12649,146.61784,neutron,pi+
88,11,0.152,0.00,0.25,0.57400,0.324,0.30,0.35,1.7224,1.5000,2.0000,0.27463,0.25,0.30,FuuA,1259.00540,22.78275,125.90054,neutron,pi+
89,11,0.148,0.00,0.25,0.58939,0.324,0.30,0.35,1.7204,1.5000,2.0000,0.32485,0.30,0.35,FuuA,1053.55862,23.04751,105.35586,neutron,pi+
90,11,0.146,0.00,0.25,0.59916,0.324,0.30,0.35,1.7182,1.5000,2.0000,0.37450,0.35,0.40,FuuA,861.54131,24.65433,86.15413,neutron,pi+
91,11,0.145,0.00,0.25,0.60421,0.324,0.30,0.35,1.7157,1.5000,2.0000,0.42436,0.40,0.45,FuuA,686.33114,25.62306,68.63311,neutron,pi+
92,11,0.146,0.00,0.25,0.60019,0.324,0.30,0.35,1.7122,1.5000,2.0000,0.47523,0.45,0.50,FuuA,531.75680,27.95185,53.17568,neutron,pi+
93,11,0.148,0.00,0.25,0.59226,0.324,0.30,0.35,1.7109,1.5000,2.0000,0.52557,0.50,0.55,FuuA,402.40732,30.06140,40.24073,neutron,pi+
94,11,0.147,0.00,0.25,0.59689,0.325,0.30,0.35,1.7150,1.5000,2.0000,0.57517,0.55,0.60,FuuA,294.13748,33.98471,29.41375,neutron,pi+
95,11,0.140,0.00,0.25,0.62004,0.326,0.30,0.35,1.7218,1.5000,2.0000,0.64296,0.60,0.70,FuuA,184.92100,32.79214,18.49210,neutron,pi+
96,11,0.128,0.00,0.25,0.66964,0.329,0.30,0.35,1.7244,1.5000,2.0000,0.74084,0.70,0.80,FuuA,86.02607,61.48897,8.60261,neutron,pi+
97,11,0.117,0.00,0.25,0.72134,0.334,0.30,0.35,1.7237,1.5000,2.0000,0.84013,0.80,1.60,FuuA,34.76963,157.31760,3.47696,neutron,pi+
98,11,0.189,0.00,0.25,0.45155,0.374,0.35,0.40,1.7270,1.5000,2.0000,0.06605,0.00,0.10,FuuA,1360.65668,32.26060,136.06567,neutron,pi+
99,11,0.181,0.00,0.25,0.47573,0.374,0.35,0.40,1.7279,1.5000,2.0000,0.12571,0.10,0.15,FuuA,1261.54023,32.42766,126.15402,neutron,pi+
100,11,0.172,0.00,0.25,0.50534,0.374,0.35,0.40,1.7274,1.5000,2.0000,0.17527,0.15,0.20,FuuA,1148.28360,28.37815,114.82836,neutron,pi+
101,11,0.163,0.00,0.25,0.53519,0.374,0.35,0.40,1.7264,1.5000,2.0000,0.22594,0.20,0.25,FuuA,1018.81404,27.43079,101.88140,neutron,pi+
102,11,0.156,0.00,0.25,0.55826,0.374,0.35,0.40,1.7241,1.5000,2.0000,0.27527,0.25,0.30,FuuA,888.00871,26.82646,88.80087,neutron,pi+
103,11,0.152,0.00,0.25,0.57545,0.374,0.35,0.40,1.7219,1.5000,2.0000,0.32443,0.30,0.35,FuuA,758.46477,26.98029,75.84648,neutron,pi+
104,11,0.149,0.00,0.25,0.58842,0.374,0.35,0.40,1.7201,1.5000,2.0000,0.37451,0.35,0.40,FuuA,631.34247,27.37031,63.13425,neutron,pi+
105,11,0.146,0.00,0.25,0.59735,0.374,0.35,0.40,1.7179,1.5000,2.0000,0.42400,0.40,0.45,FuuA,514.96231,29.85410,51.49623,neutron,pi+
106,11,0.146,0.00,0.25,0.60217,0.374,0.35,0.40,1.7161,1.5000,2.0000,0.47348,0.45,0.50,FuuA,410.51930,31.01893,41.05193,neutron,pi+
107,11,0.146,0.00,0.25,0.60147,0.374,0.35,0.40,1.7131,1.5000,2.0000,0.52520,0.50,0.55,FuuA,316.69745,33.62760,31.66974,neutron,pi+
108,11,0.148,0.00,0.25,0.59411,0.374,0.35,0.40,1.7105,1.5000,2.0000,0.57462,0.55,0.60,FuuA,241.84639,38.72773,24.18464,neutron,pi+
109,11,0.148,0.00,0.25,0.59413,0.375,0.35,0.40,1.7135,1.5000,2.0000,0.64525,0.60,0.70,FuuA,158.34058,30.40883,15.83406,neutron,pi+
110,11,0.140,0.00,0.25,0.62047,0.376,0.35,0.40,1.7215,1.5000,2.0000,0.74386,0.70,0.80,FuuA,78.83447,46.53342,7.88345,neutron,pi+
111,11,0.127,0.00,0.25,0.67238,0.379,0.35,0.40,1.7235,1.5000,2.0000,0.85985,0.80,1.60,FuuA,32.11319,77.66372,3.21132,neutron,pi+
112,11,0.190,0.00,0.25,0.44970,0.424,0.40,0.45,1.7267,1.5000,2.0000,0.06565,0.00,0.10,FuuA,934.09170,38.78100,93.40917,neutron,pi+
113,11,0.183,0.00,0.25,0.46813,0.424,0.40,0.45,1.7268,1.5000,2.0000,0.12522,0.10,0.15,FuuA,875.82644,38.03741,87.58264,neutron,pi+
114,11,0.176,0.00,0.25,0.49127,0.424,0.40,0.45,1.7273,1.5000,2.0000,0.17429,0.15,0.20,FuuA,805.44626,33.69442,80.54463,neutron,pi+
115,11,0.167,0.00,0.25,0.51853,0.424,0.40,0.45,1.7268,1.5000,2.0000,0.22424,0.20,0.25,FuuA,724.95349,32.33494,72.49535,neutron,pi+
116,11,0.160,0.00,0.25,0.54295,0.424,0.40,0.45,1.7255,1.5000,2.0000,0.27492,0.25,0.30,FuuA,637.87889,30.57795,63.78789,neutron,pi+
117,11,0.155,0.00,0.25,0.56233,0.424,0.40,0.45,1.7231,1.5000,2.0000,0.32596,0.30,0.35,FuuA,550.04037,30.85745,55.00404,neutron,pi+
118,11,0.151,0.00,0.25,0.57689,0.424,0.40,0.45,1.7212,1.5000,2.0000,0.37564,0.35,0.40,FuuA,466.70681,31.94152,46.67068,neutron,pi+
119,11,0.149,0.00,0.25,0.58780,0.424,0.40,0.45,1.7198,1.5000,2.0000,0.42454,0.40,0.45,FuuA,388.99722,33.35044,38.89972,neutron,pi+
120,11,0.147,0.00,0.25,0.59567,0.424,0.40,0.45,1.7181,1.5000,2.0000,0.47350,0.45,0.50,FuuA,317.93586,35.28691,31.79359,neutron,pi+
121,11,0.146,0.00,0.25,0.60068,0.424,0.40,0.45,1.7160,1.5000,2.0000,0.52456,0.50,0.55,FuuA,252.30134,36.68479,25.23013,neutron,pi+
122,11,0.146,0.00,0.25,0.60212,0.424,0.40,0.45,1.7143,1.5000,2.0000,0.57447,0.55,0.60,FuuA,196.84693,43.03029,19.68469,neutron,pi+
123,11,0.148,0.00,0.25,0.59424,0.424,0.40,0.45,1.7107,1.5000,2.0000,0.64428,0.60,0.70,FuuA,136.03534,33.68401,13.60353,neutron,pi+
124,11,0.146,0.00,0.25,0.59846,0.425,0.40,0.45,1.7145,1.5000,2.0000,0.74425,0.70,0.80,FuuA,73.42982,41.13861,7.34298,neutron,pi+
125,11,0.135,0.00,0.25,0.63776,0.427,0.40,0.45,1.7221,1.5000,2.0000,0.88081,0.80,1.60,FuuA,28.97051,56.04550,2.89705,neutron,pi+
126,11,0.190,0.00,0.25,0.44808,0.474,0.45,0.50,1.7265,1.5000,2.0000,0.06621,0.00,0.10,FuuA,645.38459,45.86582,64.53846,neutron,pi+
127,11,0.185,0.00,0.25,0.46391,0.474,0.45,0.50,1.7263,1.5000,2.0000,0.12762,0.10,0.15,FuuA,608.75417,43.08125,60.87542,neutron,pi+
128,11,0.179,0.00,0.25,0.48235,0.474,0.45,0.50,1.7268,1.5000,2.0000,0.17628,0.15,0.20,FuuA,565.25796,40.81581,56.52580,neutron,pi+
129,11,0.171,0.00,0.25,0.50566,0.474,0.45,0.50,1.7267,1.5000,2.0000,0.22568,0.20,0.25,FuuA,514.15949,36.82855,51.41595,neutron,pi+
130,11,0.164,0.00,0.25,0.52945,0.474,0.45,0.50,1.7259,1.5000,2.0000,0.27629,0.25,0.30,FuuA,458.06410,36.62417,45.80641,neutron,pi+
131,11,0.159,0.00,0.25,0.54920,0.474,0.45,0.50,1.7242,1.5000,2.0000,0.32514,0.30,0.35,FuuA,402.65272,36.45209,40.26527,neutron,pi+
132,11,0.155,0.00,0.25,0.56474,0.474,0.45,0.50,1.7222,1.5000,2.0000,0.37378,0.35,0.40,FuuA,348.51731,36.72894,34.85173,neutron,pi+
133,11,0.151,0.00,0.25,0.57742,0.474,0.45,0.50,1.7207,1.5000,2.0000,0.42469,0.40,0.45,FuuA,294.13962,36.27055,29.41396,neutron,pi+
134,11,0.149,0.00,0.25,0.58753,0.474,0.45,0.50,1.7192,1.5000,2.0000,0.47492,0.45,0.50,FuuA,244.08651,40.28909,24.40865,neutron,pi+
135,11,0.147,0.00,0.25,0.59473,0.474,0.45,0.50,1.7179,1.5000,2.0000,0.52527,0.50,0.55,FuuA,198.71731,40.28119,19.87173,neutron,pi+
136,11,0.146,0.00,0.25,0.59983,0.474,0.45,0.50,1.7159,1.5000,2.0000,0.57633,0.55,0.60,FuuA,158.21642,46.14910,15.82164,neutron,pi+
137,11,0.146,0.00,0.25,0.60185,0.474,0.45,0.50,1.7138,1.5000,2.0000,0.64784,0.60,0.70,FuuA,112.02159,36.68599,11.20216,neutron,pi+
138,11,0.146,0.00,0.25,0.59978,0.474,0.45,0.50,1.7101,1.5000,2.0000,0.74492,0.70,0.80,FuuA,65.84880,46.50003,6.58488,neutron,pi+
139,11,0.138,0.00,0.25,0.62545,0.476,0.45,0.50,1.7159,1.5000,2.0000,0.89354,0.80,1.60,FuuA,27.75607,45.86825,2.77561,neutron,pi+
140,11,0.191,0.00,0.25,0.44663,0.524,0.50,0.55,1.7259,1.5000,2.0000,0.06581,0.00,0.10,FuuA,452.86844,54.71091,45.28684,neutron,pi+
141,11,0.186,0.00,0.25,0.45990,0.524,0.50,0.55,1.7260,1.5000,2.0000,0.12775,0.10,0.15,FuuA,429.94048,49.98877,42.99405,neutron,pi+
142,11,0.181,0.00,0.25,0.47535,0.524,0.50,0.55,1.7265,1.5000,2.0000,0.17784,0.15,0.20,FuuA,401.87180,46.71465,40.18718,neutron,pi+
143,11,0.175,0.00,0.25,0.49533,0.524,0.50,0.55,1.7264,1.5000,2.0000,0.22764,0.20,0.25,FuuA,368.53374,43.02471,36.85337,neutron,pi+
144,11,0.168,0.00,0.25,0.51765,0.524,0.50,0.55,1.7255,1.5000,2.0000,0.27779,0.25,0.30,FuuA,332.45390,42.64232,33.24539,neutron,pi+
145,11,0.162,0.00,0.25,0.53677,0.524,0.50,0.55,1.7247,1.5000,2.0000,0.32521,0.30,0.35,FuuA,296.69937,43.44609,29.66994,neutron,pi+
146,11,0.157,0.00,0.25,0.55362,0.524,0.50,0.55,1.7231,1.5000,2.0000,0.37396,0.35,0.40,FuuA,260.11057,40.79954,26.01106,neutron,pi+
147,11,0.154,0.00,0.25,0.56712,0.524,0.50,0.55,1.7215,1.5000,2.0000,0.42374,0.40,0.45,FuuA,224.12115,43.25193,22.41212,neutron,pi+
148,11,0.151,0.00,0.25,0.57780,0.524,0.50,0.55,1.7203,1.5000,2.0000,0.47349,0.45,0.50,FuuA,189.95274,43.20016,18.99527,neutron,pi+
149,11,0.149,0.00,0.25,0.58701,0.524,0.50,0.55,1.7185,1.5000,2.0000,0.52455,0.50,0.55,FuuA,157.67215,45.95563,15.76721,neutron,pi+
150,11,0.147,0.00,0.25,0.59425,0.524,0.50,0.55,1.7178,1.5000,2.0000,0.57468,0.55,0.60,FuuA,128.96495,49.58316,12.89650,neutron,pi+
151,11,0.145,0.00,0.25,0.60365,0.524,0.50,0.55,1.7159,1.5000,2.0000,0.64954,0.60,0.70,FuuA,93.22922,38.80197,9.32292,neutron,pi+
152,11,0.141,0.00,0.25,0.61384,0.524,0.50,0.55,1.7124,1.5000,2.0000,0.75237,0.70,0.80,FuuA,55.99518,49.35211,5.59952,neutron,pi+
153,11,0.135,0.00,0.25,0.63324,0.525,0.50,0.55,1.7113,1.5000,2.0000,0.92454,0.80,1.60,FuuA,22.88105,46.24996,2.28810,neutron,pi+
154,11,0.191,0.00,0.25,0.44590,0.574,0.55,0.60,1.7256,1.5000,2.0000,0.06897,0.00,0.10,FuuA,321.05639,61.51679,32.10564,neutron,pi+
155,11,0.187,0.00,0.25,0.45695,0.574,0.55,0.60,1.7258,1.5000,2.0000,0.12919,0.10,0.15,FuuA,306.74961,61.94875,30.67496,neutron,pi+
156,11,0.183,0.00,0.25,0.46952,0.574,0.55,0.60,1.7258,1.5000,2.0000,0.17654,0.15,0.20,FuuA,290.03076,54.49369,29.00308,neutron,pi+
157,11,0.177,0.00,0.25,0.48622,0.574,0.55,0.60,1.7257,1.5000,2.0000,0.22667,0.20,0.25,FuuA,268.46972,49.39177,26.84697,neutron,pi+
158,11,0.171,0.00,0.25,0.50657,0.574,0.55,0.60,1.7258,1.5000,2.0000,0.27660,0.25,0.30,FuuA,244.45341,49.70543,24.44534,neutron,pi+
159,11,0.165,0.00,0.25,0.52570,0.574,0.55,0.60,1.7254,1.5000,2.0000,0.32427,0.30,0.35,FuuA,220.55617,49.43008,22.05562,neutron,pi+
160,11,0.160,0.00,0.25,0.54305,0.574,0.55,0.60,1.7240,1.5000,2.0000,0.37429,0.35,0.40,FuuA,195.26686,46.21938,19.52669,neutron,pi+
161,11,0.156,0.00,0.25,0.55759,0.574,0.55,0.60,1.7226,1.5000,2.0000,0.42387,0.40,0.45,FuuA,170.67077,50.12675,17.06708,neutron,pi+
162,11,0.153,0.00,0.25,0.56927,0.574,0.55,0.60,1.7213,1.5000,2.0000,0.47159,0.45,0.50,FuuA,148.07322,49.51336,14.80732,neutron,pi+
163,11,0.150,0.00,0.25,0.58034,0.574,0.55,0.60,1.7202,1.5000,2.0000,0.52271,0.50,0.55,FuuA,125.28873,50.13913,12.52887,neutron,pi+
164,11,0.147,0.00,0.25,0.59112,0.574,0.55,0.60,1.7190,1.5000,2.0000,0.57432,0.55,0.60,FuuA,104.18802,54.52804,10.41880,neutron,pi+
165,11,0.144,0.00,0.25,0.60479,0.574,0.55,0.60,1.7177,1.5000,2.0000,0.64710,0.60,0.70,FuuA,78.44083,43.37641,7.84408,neutron,pi+
166,11,0.139,0.00,0.25,0.62177,0.574,0.55,0.60,1.7146,1.5000,2.0000,0.74207,0.70,0.80,FuuA,51.51118,54.85003,5.15112,neutron,pi+
167,11,0.132,0.00,0.25,0.64732,0.575,0.55,0.60,1.7095,1.5000,2.0000,0.92749,0.80,1.60,FuuA,22.20667,44.84083,2.22067,neutron,pi+
168,11,0.211,0.00,0.25,0.51515,0.323,0.30,0.35,2.2134,2.0000,2.5000,0.06636,0.00,0.10,FuuA,1114.20003,39.34790,111.42000,neutron,pi+
169,11,0.201,0.00,0.25,0.54310,0.324,0.30,0.35,2.2173,2.0000,2.5000,0.12665,0.10,0.15,FuuA,1031.23837,37.80200,103.12384,neutron,pi+
170,11,0.194,0.00,0.25,0.56540,0.324,0.30,0.35,2.2172,2.0000,2.5000,0.17532,0.15,0.20,FuuA,944.32778,35.02828,94.43278,neutron,pi+
171,11,0.188,0.00,0.25,0.58140,0.324,0.30,0.35,2.2160,2.0000,2.5000,0.22473,0.20,0.25,FuuA,841.65370,32.96191,84.16537,neutron,pi+
172,11,0.184,0.00,0.25,0.59351,0.324,0.30,0.35,2.2140,2.0000,2.5000,0.27546,0.25,0.30,FuuA,727.70483,33.15225,72.77048,neutron,pi+
173,11,0.182,0.00,0.25,0.60138,0.324,0.30,0.35,2.2115,2.0000,2.5000,0.32502,0.30,0.35,FuuA,614.27635,35.69934,61.42764,neutron,pi+
174,11,0.181,0.00,0.25,0.60501,0.324,0.30,0.35,2.2085,2.0000,2.5000,0.37387,0.35,0.40,FuuA,506.60566,37.91509,50.66057,neutron,pi+
175,11,0.181,0.00,0.25,0.60380,0.324,0.30,0.35,2.2056,2.0000,2.5000,0.42365,0.40,0.45,FuuA,405.81263,41.73406,40.58126,neutron,pi+
176,11,0.183,0.00,0.25,0.59927,0.324,0.30,0.35,2.2052,2.0000,2.5000,0.47312,0.45,0.50,FuuA,316.75564,47.12170,31.67556,neutron,pi+
177,11,0.185,0.00,0.25,0.59290,0.324,0.30,0.35,2.2045,2.0000,2.5000,0.52388,0.50,0.55,FuuA,239.37337,49.79866,23.93734,neutron,pi+
178,11,0.186,0.00,0.25,0.58982,0.324,0.30,0.35,2.2053,2.0000,2.5000,0.57470,0.55,0.60,FuuA,175.01676,55.55285,17.50168,neutron,pi+
179,11,0.184,0.00,0.25,0.59530,0.325,0.30,0.35,2.2116,2.0000,2.5000,0.64452,0.60,0.70,FuuA,108.65542,47.68255,10.86554,neutron,pi+
180,11,0.178,0.00,0.25,0.61566,0.328,0.30,0.35,2.2210,2.0000,2.5000,0.73463,0.70,0.80,FuuA,52.94689,92.60445,5.29469,neutron,pi+
181,11,0.167,0.00,0.25,0.65168,0.332,0.30,0.35,2.2257,2.0000,2.5000,0.81570,0.80,1.60,FuuA,26.16922,154.99574,2.61692,neutron,pi+
182,11,0.211,0.00,0.25,0.51267,0.373,0.35,0.40,2.2128,2.0000,2.5000,0.06571,0.00,0.10,FuuA,743.61194,47.84938,74.36119,neutron,pi+
183,11,0.204,0.00,0.25,0.53355,0.374,0.35,0.40,2.2163,2.0000,2.5000,0.12531,0.10,0.15,FuuA,695.07401,45.24382,69.50740,neutron,pi+
184,11,0.197,0.00,0.25,0.55549,0.374,0.35,0.40,2.2173,2.0000,2.5000,0.17513,0.15,0.20,FuuA,640.02211,40.41559,64.00221,neutron,pi+
185,11,0.191,0.00,0.25,0.57211,0.374,0.35,0.40,2.2165,2.0000,2.5000,0.22501,0.20,0.25,FuuA,576.93830,39.08850,57.69383,neutron,pi+
186,11,0.187,0.00,0.25,0.58443,0.374,0.35,0.40,2.2155,2.0000,2.5000,0.27407,0.25,0.30,FuuA,508.47113,39.06844,50.84711,neutron,pi+
187,11,0.184,0.00,0.25,0.59444,0.374,0.35,0.40,2.2137,2.0000,2.5000,0.32419,0.30,0.35,FuuA,436.31494,39.02017,43.63149,neutron,pi+
188,11,0.182,0.00,0.25,0.60113,0.374,0.35,0.40,2.2112,2.0000,2.5000,0.37540,0.35,0.40,FuuA,363.90872,41.51118,36.39087,neutron,pi+
189,11,0.181,0.00,0.25,0.60434,0.374,0.35,0.40,2.2088,2.0000,2.5000,0.42496,0.40,0.45,FuuA,297.80236,46.44840,29.78024,neutron,pi+
190,11,0.181,0.00,0.25,0.60391,0.374,0.35,0.40,2.2063,2.0000,2.5000,0.47456,0.45,0.50,FuuA,238.19851,49.73989,23.81985,neutron,pi+
191,11,0.182,0.00,0.25,0.60019,0.374,0.35,0.40,2.2052,2.0000,2.5000,0.52575,0.50,0.55,FuuA,184.41063,56.20821,18.44106,neutron,pi+
192,11,0.184,0.00,0.25,0.59545,0.374,0.35,0.40,2.2049,2.0000,2.5000,0.57563,0.55,0.60,FuuA,140.17525,64.32559,14.01753,neutron,pi+
193,11,0.186,0.00,0.25,0.58942,0.374,0.35,0.40,2.2046,2.0000,2.5000,0.64564,0.60,0.70,FuuA,92.30640,52.29326,9.23064,neutron,pi+
194,11,0.184,0.00,0.25,0.59485,0.376,0.35,0.40,2.2120,2.0000,2.5000,0.74393,0.70,0.80,FuuA,46.41472,64.61238,4.64147,neutron,pi+
195,11,0.176,0.00,0.25,0.62340,0.379,0.35,0.40,2.2217,2.0000,2.5000,0.86599,0.80,1.60,FuuA,17.63814,111.39992,1.76381,neutron,pi+
196,11,0.212,0.00,0.25,0.51105,0.423,0.40,0.45,2.2119,2.0000,2.5000,0.06768,0.00,0.10,FuuA,504.73479,55.83132,50.47348,neutron,pi+
197,11,0.207,0.00,0.25,0.52703,0.424,0.40,0.45,2.2157,2.0000,2.5000,0.12627,0.10,0.15,FuuA,475.15278,55.46444,47.51528,neutron,pi+
198,11,0.200,0.00,0.25,0.54610,0.424,0.40,0.45,2.2166,2.0000,2.5000,0.17446,0.15,0.20,FuuA,442.16827,47.73512,44.21683,neutron,pi+
199,11,0.194,0.00,0.25,0.56358,0.424,0.40,0.45,2.2167,2.0000,2.5000,0.22548,0.20,0.25,FuuA,401.59334,44.90164,40.15933,neutron,pi+
200,11,0.190,0.00,0.25,0.57653,0.424,0.40,0.45,2.2161,2.0000,2.5000,0.27476,0.25,0.30,FuuA,358.47463,46.00162,35.84746,neutron,pi+
201,11,0.187,0.00,0.25,0.58659,0.424,0.40,0.45,2.2147,2.0000,2.5000,0.32352,0.30,0.35,FuuA,313.89980,45.15042,31.38998,neutron,pi+
202,11,0.184,0.00,0.25,0.59467,0.424,0.40,0.45,2.2128,2.0000,2.5000,0.37372,0.35,0.40,FuuA,267.78618,47.03727,26.77862,neutron,pi+
203,11,0.182,0.00,0.25,0.60059,0.424,0.40,0.45,2.2112,2.0000,2.5000,0.42417,0.40,0.45,FuuA,223.20075,49.73955,22.32007,neutron,pi+
204,11,0.181,0.00,0.25,0.60335,0.424,0.40,0.45,2.2085,2.0000,2.5000,0.47379,0.45,0.50,FuuA,182.70810,55.46139,18.27081,neutron,pi+
205,11,0.181,0.00,0.25,0.60365,0.424,0.40,0.45,2.2062,2.0000,2.5000,0.52323,0.50,0.55,FuuA,146.59766,59.72870,14.65977,neutron,pi+
206,11,0.182,0.00,0.25,0.60150,0.424,0.40,0.45,2.2046,2.0000,2.5000,0.57218,0.55,0.60,FuuA,115.37925,69.83709,11.53792,neutron,pi+
207,11,0.184,0.00,0.25,0.59546,0.424,0.40,0.45,2.2046,2.0000,2.5000,0.64349,0.60,0.70,FuuA,78.98124,55.84920,7.89812,neutron,pi+
208,11,0.186,0.00,0.25,0.58834,0.424,0.40,0.45,2.2040,2.0000,2.5000,0.74366,0.70,0.80,FuuA,42.59808,70.43705,4.25981,neutron,pi+
209,11,0.182,0.00,0.25,0.60248,0.426,0.40,0.45,2.2153,2.0000,2.5000,0.87707,0.80,1.60,FuuA,17.40919,76.67004,1.74092,neutron,pi+
210,11,0.213,0.00,0.25,0.50878,0.474,0.45,0.50,2.2106,2.0000,2.5000,0.06410,0.00,0.10,FuuA,346.73307,70.62526,34.67331,neutron,pi+
211,11,0.208,0.00,0.25,0.52211,0.474,0.45,0.50,2.2150,2.0000,2.5000,0.12624,0.10,0.15,FuuA,327.46418,60.14987,32.74642,neutron,pi+
212,11,0.203,0.00,0.25,0.53857,0.474,0.45,0.50,2.2161,2.0000,2.5000,0.17526,0.15,0.20,FuuA,306.62161,60.06586,30.66216,neutron,pi+
213,11,0.197,0.00,0.25,0.55539,0.474,0.45,0.50,2.2163,2.0000,2.5000,0.22425,0.20,0.25,FuuA,282.18311,51.70811,28.21831,neutron,pi+
214,11,0.192,0.00,0.25,0.56942,0.474,0.45,0.50,2.2160,2.0000,2.5000,0.27610,0.25,0.30,FuuA,253.48013,51.83667,25.34801,neutron,pi+
215,11,0.189,0.00,0.25,0.57995,0.474,0.45,0.50,2.2151,2.0000,2.5000,0.32617,0.30,0.35,FuuA,224.15749,52.29367,22.41575,neutron,pi+
216,11,0.186,0.00,0.25,0.58845,0.474,0.45,0.50,2.2140,2.0000,2.5000,0.37423,0.35,0.40,FuuA,195.53993,55.64965,19.55399,neutron,pi+
217,11,0.184,0.00,0.25,0.59497,0.474,0.45,0.50,2.2128,2.0000,2.5000,0.42275,0.40,0.45,FuuA,167.24590,55.48127,16.72459,neutron,pi+
218,11,0.182,0.00,0.25,0.60001,0.474,0.45,0.50,2.2106,2.0000,2.5000,0.47255,0.45,0.50,FuuA,139.81577,60.47004,13.98158,neutron,pi+
219,11,0.182,0.00,0.25,0.60275,0.474,0.45,0.50,2.2083,2.0000,2.5000,0.52227,0.50,0.55,FuuA,114.75391,64.32735,11.47539,neutron,pi+
220,11,0.181,0.00,0.25,0.60353,0.474,0.45,0.50,2.2062,2.0000,2.5000,0.57366,0.55,0.60,FuuA,91.62709,70.53775,9.16271,neutron,pi+
221,11,0.182,0.00,0.25,0.60026,0.475,0.45,0.50,2.2047,2.0000,2.5000,0.64817,0.60,0.70,FuuA,64.15688,59.64941,6.41569,neutron,pi+
222,11,0.185,0.00,0.25,0.59269,0.474,0.45,0.50,2.2043,2.0000,2.5000,0.74600,0.70,0.80,FuuA,37.28932,80.25482,3.72893,neutron,pi+
223,11,0.183,0.00,0.25,0.59950,0.475,0.45,0.50,2.2102,2.0000,2.5000,0.89995,0.80,1.60,FuuA,15.21317,70.33426,1.52132,neutron,pi+
224,11,0.213,0.00,0.25,0.50822,0.524,0.50,0.55,2.2104,2.0000,2.5000,0.06876,0.00,0.10,FuuA,239.98296,79.03821,23.99830,neutron,pi+
225,11,0.209,0.00,0.25,0.51855,0.524,0.50,0.55,2.2137,2.0000,2.5000,0.12715,0.10,0.15,FuuA,228.75515,78.94559,22.87551,neutron,pi+
226,11,0.205,0.00,0.25,0.53286,0.524,0.50,0.55,2.2150,2.0000,2.5000,0.17641,0.15,0.20,FuuA,215.37686,64.13809,21.53769,neutron,pi+
227,11,0.199,0.00,0.25,0.54896,0.524,0.50,0.55,2.2158,2.0000,2.5000,0.22636,0.20,0.25,FuuA,199.37316,64.47168,19.93732,neutron,pi+
228,11,0.194,0.00,0.25,0.56275,0.524,0.50,0.55,2.2160,2.0000,2.5000,0.27592,0.25,0.30,FuuA,181.72579,59.32234,18.17258,neutron,pi+
229,11,0.191,0.00,0.25,0.57402,0.524,0.50,0.55,2.2155,2.0000,2.5000,0.32760,0.30,0.35,FuuA,162.10881,59.33541,16.21088,neutron,pi+
230,11,0.188,0.00,0.25,0.58261,0.524,0.50,0.55,2.2143,2.0000,2.5000,0.37548,0.35,0.40,FuuA,143.49599,64.68807,14.34960,neutron,pi+
231,11,0.185,0.00,0.25,0.59006,0.524,0.50,0.55,2.2130,2.0000,2.5000,0.42545,0.40,0.45,FuuA,124.23695,59.73343,12.42370,neutron,pi+
232,11,0.184,0.00,0.25,0.59598,0.524,0.50,0.55,2.2122,2.0000,2.5000,0.47538,0.45,0.50,FuuA,105.61008,71.24590,10.56101,neutron,pi+
233,11,0.182,0.00,0.25,0.60004,0.524,0.50,0.55,2.2104,2.0000,2.5000,0.52232,0.50,0.55,FuuA,89.30835,70.51510,8.93084,neutron,pi+
234,11,0.182,0.00,0.25,0.60263,0.524,0.50,0.55,2.2083,2.0000,2.5000,0.57043,0.55,0.60,FuuA,74.04787,80.49755,7.40479,neutron,pi+
235,11,0.182,0.00,0.25,0.60296,0.525,0.50,0.55,2.2059,2.0000,2.5000,0.64465,0.60,0.70,FuuA,53.97367,60.32107,5.39737,neutron,pi+
236,11,0.183,0.00,0.25,0.59843,0.525,0.50,0.55,2.2046,2.0000,2.5000,0.75241,0.70,0.80,FuuA,31.67208,79.21347,3.16721,neutron,pi+
237,11,0.179,0.00,0.25,0.60896,0.525,0.50,0.55,2.2096,2.0000,2.5000,0.93038,0.80,1.60,FuuA,12.38453,74.74759,1.23845,neutron,pi+
238,11,0.213,0.00,0.25,0.50717,0.574,0.55,0.60,2.2091,2.0000,2.5000,0.07027,0.00,0.10,FuuA,168.79327,91.64875,16.87933,neutron,pi+
239,11,0.210,0.00,0.25,0.51652,0.574,0.55,0.60,2.2125,2.0000,2.5000,0.12979,0.10,0.15,FuuA,161.34326,91.69351,16.13433,neutron,pi+
240,11,0.206,0.00,0.25,0.52812,0.574,0.55,0.60,2.2148,2.0000,2.5000,0.17705,0.15,0.20,FuuA,152.98139,78.45716,15.29814,neutron,pi+
241,11,0.201,0.00,0.25,0.54290,0.574,0.55,0.60,2.2153,2.0000,2.5000,0.22778,0.20,0.25,FuuA,142.51509,71.20335,14.25151,neutron,pi+
242,11,0.196,0.00,0.25,0.55736,0.574,0.55,0.60,2.2155,2.0000,2.5000,0.27841,0.25,0.30,FuuA,130.75672,70.61105,13.07567,neutron,pi+
243,11,0.192,0.00,0.25,0.56823,0.574,0.55,0.60,2.2152,2.0000,2.5000,0.32658,0.30,0.35,FuuA,118.83730,71.25162,11.88373,neutron,pi+
244,11,0.190,0.00,0.25,0.57706,0.574,0.55,0.60,2.2147,2.0000,2.5000,0.37456,0.35,0.40,FuuA,106.52295,70.45213,10.65229,neutron,pi+
245,11,0.187,0.00,0.25,0.58438,0.574,0.55,0.60,2.2140,2.0000,2.5000,0.42414,0.40,0.45,FuuA,93.67810,70.82821,9.36781,neutron,pi+
246,11,0.185,0.00,0.25,0.59119,0.574,0.55,0.60,2.2124,2.0000,2.5000,0.47694,0.45,0.50,FuuA,80.41881,70.76721,8.04188,neutron,pi+
247,11,0.183,0.00,0.25,0.59679,0.574,0.55,0.60,2.2115,2.0000,2.5000,0.52941,0.50,0.55,FuuA,67.81835,79.03281,6.78184,neutron,pi+
248,11,0.182,0.00,0.25,0.60030,0.574,0.55,0.60,2.2102,2.0000,2.5000,0.57553,0.55,0.60,FuuA,57.59653,90.97650,5.75965,neutron,pi+
249,11,0.181,0.00,0.25,0.60345,0.574,0.55,0.60,2.2074,2.0000,2.5000,0.64725,0.60,0.70,FuuA,43.73302,65.14521,4.37330,neutron,pi+
250,11,0.181,0.00,0.25,0.60470,0.575,0.55,0.60,2.2058,2.0000,2.5000,0.74208,0.70,0.80,FuuA,28.71642,92.24609,2.87164,neutron,pi+
251,11,0.176,0.00,0.25,0.62004,0.575,0.55,0.60,2.2081,2.0000,2.5000,0.91830,0.80,1.60,FuuA,12.87684,72.51932,1.28768,neutron,pi+
